135, 5194, 3416.000000, 1 
88, 1138, 604.600000, 1 
90, 2414, 1533.050000, 1 
59, 268, 133.700000, 2 
85, 2742, 1889.550000, 1 
33, 41, 26.950000, 7 
179, 8345, 6007.100000, 1 
79, 1807, 1076.550000, 1 
131, 2710, 1488.350000, 1 
8, 5, 4.850000, 4 
135, 7367, 6003.950000, 1 
60, 1322, 788.950000, 1 
135, 1696, 906.650000, 1 
40, 601, 352.100000, 1 
93, 380, 193.050000, 4 
162, 657, 356.300000, 10 
162, 10523, 9431.100000, 1 
176, 3527, 1814.150000, 1 
164, 4895, 3028.050000, 1 
200, 7546, 4703.100000, 1 
166, 6121, 4033.250000, 1 
28, 344, 180.100000, 1 
165, 11769, 11082.200000, 1 
178, 6823, 4507.300000, 1 
71, 475, 248.750000, 2 
129, 3959, 2541.400000, 1 
190, 10835, 8946.750000, 1 
149, 6413, 4489.250000, 1 
77, 2868, 2027.700000, 1 
109, 4318, 3131.150000, 1 
13, 6, 7.200000, 7 
5, 6, 3.950000, 1 
117, 6448, 5324.950000, 1 
198, 4072, 2139.450000, 1 
97, 3962, 2877.500000, 1 
141, 1449, 718.800000, 2 
163, 6889, 4789.700000, 1 
109, 5230, 4056.000000, 1 
49, 235, 125.450000, 3 
153, 8495, 6850.050000, 1 
5, 2, 3.300000, 3 
63, 929, 518.000000, 1 
82, 520, 255.000000, 2 
161, 2242, 1168.600000, 2 
189, 1143, 589.750000, 8 
67, 1375, 807.350000, 1 
100, 3292, 2192.550000, 1 
40, 168, 81.950000, 3 
153, 3962, 2345.400000, 1 
104, 3574, 2363.700000, 1 
24, 112, 51.050000, 1 
126, 4384, 2916.700000, 1 
89, 1879, 1085.750000, 1 
140, 4164, 2644.850000, 1 
32, 172, 78.550000, 1 
76, 1937, 1204.250000, 1 
174, 818, 433.450000, 10 
7, 8, 5.550000, 2 
72, 14, 57.800000, 59 
53, 830, 465.700000, 1 
190, 299, 244.200000, 47 
23, 30, 19.850000, 7 
152, 9253, 7953.400000, 1 
110, 3061, 1843.700000, 1 
50, 803, 457.350000, 1 
52, 1246, 769.100000, 1 
127, 2089, 1103.800000, 1 
95, 369, 203.800000, 8 
139, 7368, 5965.350000, 1 
29, 174, 84.950000, 1 
28, 321, 174.700000, 1 
54, 435, 225.300000, 2 
65, 1398, 813.800000, 1 
78, 2703, 1874.950000, 1 
90, 929, 449.700000, 1 
154, 4332, 2642.050000, 1 
35, 503, 280.300000, 1 
58, 434, 201.400000, 1 
95, 216, 133.900000, 17 
42, 504, 261.050000, 1 
69, 326, 176.500000, 3 
59, 854, 452.200000, 1 
198, 551, 326.250000, 22 
135, 2075, 1052.550000, 1 
129, 2696, 1510.400000, 1 
17, 24, 14.300000, 4 
88, 3073, 2118.600000, 1 
5, 5, 3.400000, 1 
36, 361, 177.700000, 1 
100, 2667, 1616.050000, 1 
120, 5646, 4294.550000, 1 
116, 852, 429.650000, 3 
38, 220, 105.200000, 2 
191, 3666, 1898.400000, 1 
151, 704, 372.550000, 7 
113, 5495, 4286.200000, 1 
175, 2497, 1343.750000, 2 
37, 430, 228.500000, 1 
31, 26, 22.050000, 13 
21, 54, 27.100000, 2 
122, 5714, 4380.500000, 1 
182, 2944, 1432.400000, 1 
101, 1050, 542.350000, 2 
121, 924, 478.200000, 3 
140, 2617, 1366.950000, 1 
46, 614, 325.150000, 1 
118, 1977, 1021.100000, 1 
142, 8009, 6625.200000, 1 
155, 4845, 2810.600000, 1 
97, 2664, 1597.700000, 1 
37, 630, 343.600000, 1 
16, 3, 7.850000, 13 
7, 3, 3.700000, 4 
129, 7047, 5764.200000, 1 
117, 1420, 702.850000, 1 
189, 13944, 13287.850000, 1 
39, 432, 201.400000, 1 
166, 7208, 5168.250000, 1 
98, 3509, 2392.050000, 1 
174, 4004, 2254.300000, 1 
58, 633, 321.900000, 1 
32, 476, 265.600000, 1 
73, 187, 112.050000, 11 
90, 3811, 2804.600000, 1 
123, 1682, 837.400000, 1 
55, 792, 433.400000, 1 
86, 1999, 1153.500000, 1 
102, 3273, 2161.400000, 1 
189, 5671, 3277.100000, 1 
26, 313, 162.100000, 1 
69, 881, 458.450000, 1 
19, 121, 60.150000, 1 
75, 903, 459.100000, 1 
154, 3416, 1889.250000, 1 
164, 9909, 8512.850000, 1 
165, 2178, 1117.600000, 2 
87, 431, 219.800000, 4 
169, 11270, 10156.500000, 1 
134, 722, 382.250000, 7 
184, 8471, 6045.400000, 1 
155, 5823, 3851.900000, 1 
190, 14558, 14163.900000, 1 
191, 9045, 6474.950000, 1 
157, 10902, 10043.900000, 1 
179, 1546, 784.400000, 4 
110, 4923, 3716.900000, 1 
107, 4677, 3507.300000, 1 
198, 4843, 2661.250000, 1 
9, 31, 15.850000, 1 
95, 1869, 1021.950000, 1 
82, 2739, 1841.750000, 1 
157, 7084, 5034.150000, 1 
160, 4934, 3197.650000, 1 
37, 554, 301.150000, 1 
149, 9971, 9053.200000, 1 
41, 300, 135.050000, 1 
118, 6688, 5546.600000, 1 
186, 15189, 15516.950000, 1 
129, 3410, 2000.650000, 1 
63, 1577, 973.150000, 1 
135, 6383, 4757.300000, 1 
72, 206, 119.650000, 10 
199, 8512, 6101.100000, 1 
36, 140, 73.850000, 2 
46, 127, 73.350000, 5 
176, 8973, 6822.450000, 1 
80, 2228, 1411.100000, 1 
94, 1698, 986.300000, 1 
148, 647, 347.750000, 11 
51, 1075, 632.800000, 1 
91, 1294, 633.600000, 1 
184, 9195, 6722.150000, 1 
163, 11376, 10494.650000, 1 
130, 2789, 1525.500000, 1 
163, 5746, 3856.100000, 1 
98, 4678, 3590.050000, 1 
74, 942, 502.650000, 1 
98, 2271, 1309.650000, 1 
23, 55, 29.500000, 4 
176, 668, 355.200000, 12 
25, 88, 43.650000, 2 
128, 341, 200.900000, 14 
75, 686, 361.150000, 2 
168, 12105, 11420.050000, 1 
52, 456, 217.300000, 1 
196, 5800, 3328.250000, 1 
194, 13621, 12484.300000, 1 
27, 192, 90.900000, 1 
91, 308, 170.350000, 8 
157, 243, 193.000000, 40 
161, 6282, 4299.350000, 1 
183, 4808, 2767.350000, 1 
8, 13, 7.600000, 1 
160, 5166, 3349.100000, 1 
199, 995, 510.300000, 7 
108, 2379, 1347.600000, 1 
46, 389, 201.900000, 1 
77, 38, 62.350000, 44 
169, 50, 208.800000, 123 
27, 138, 64.250000, 1 
51, 808, 437.000000, 1 
189, 2573, 1333.500000, 2 
121, 2701, 1538.400000, 1 
39, 488, 247.250000, 1 
143, 2745, 1437.450000, 1 
12, 55, 27.700000, 1 
62, 5, 46.200000, 57 
169, 5026, 3113.650000, 1 
132, 7331, 6038.050000, 1 
16, 55, 27.950000, 1 
33, 527, 290.600000, 1 
170, 2858, 1429.050000, 1 
115, 5675, 4414.850000, 1 
154, 3544, 2021.800000, 1 
130, 5401, 3886.350000, 1 
175, 11612, 10507.000000, 1 
12, 10, 8.400000, 5 
126, 881, 449.450000, 4 
128, 1960, 968.900000, 1 
196, 16987, 17760.950000, 1 
126, 2308, 1244.350000, 1 
22, 26, 17.500000, 7 
118, 6521, 5374.300000, 1 
86, 2580, 1674.800000, 1 
36, 53, 32.050000, 7 
194, 9813, 7339.850000, 1 
64, 83, 64.500000, 20 
18, 4, 9.200000, 14 
71, 982, 542.850000, 1 
34, 399, 199.100000, 1 
162, 12541, 12262.950000, 1 
146, 6749, 5050.500000, 1 
88, 2727, 1776.950000, 1 
40, 2, 24.100000, 38 
160, 10900, 10020.650000, 1 
197, 16619, 17210.050000, 1 
115, 2152, 1209.900000, 1 
85, 305, 167.150000, 7 
20, 140, 70.050000, 1 
129, 3664, 2339.050000, 1 
140, 3120, 1810.500000, 1 
64, 1398, 820.850000, 1 
96, 3790, 2664.100000, 1 
21, 117, 53.350000, 1 
114, 3839, 2507.650000, 1 
180, 11558, 10169.350000, 1 
72, 90, 69.600000, 19 
10, 44, 22.150000, 1 
196, 1559, 784.400000, 4 
84, 1814, 1059.850000, 1 
93, 1624, 826.600000, 1 
196, 5436, 3177.600000, 1 
29, 100, 49.500000, 2 
91, 2018, 1130.850000, 1 
104, 933, 470.250000, 2 
164, 6022, 3948.500000, 1 
141, 759, 405.050000, 7 
38, 525, 272.800000, 1 
114, 2835, 1671.600000, 1 
45, 418, 213.500000, 1 
93, 230, 135.850000, 13 
18, 143, 79.650000, 1 
162, 9409, 7711.500000, 1 
18, 135, 67.850000, 1 
193, 18153, 19927.300000, 1 
147, 69, 158.950000, 88 
92, 1194, 609.050000, 1 
38, 446, 223.650000, 1 
184, 10412, 8344.150000, 1 
158, 5306, 3421.300000, 1 
77, 1774, 1064.100000, 1 
114, 4667, 3358.900000, 1 
68, 1431, 828.600000, 1 
29, 70, 38.000000, 5 
188, 4679, 2676.950000, 1 
22, 5, 11.500000, 17 
141, 8568, 7444.200000, 1 
112, 1477, 810.450000, 2 
27, 39, 24.150000, 6 
154, 2212, 1096.050000, 1 
153, 6607, 4705.450000, 1 
186, 16830, 18071.800000, 1 
168, 8550, 6413.550000, 1 
158, 5305, 3386.750000, 1 
79, 566, 279.400000, 2 
85, 3416, 2446.850000, 1 
70, 1845, 1152.350000, 1 
163, 6331, 4344.000000, 1 
96, 220, 137.450000, 16 
47, 944, 550.500000, 1 
126, 2533, 1380.900000, 1 
131, 5635, 4046.600000, 1 
8, 4, 4.500000, 5 
57, 1488, 932.050000, 1 
187, 10930, 8938.750000, 1 
133, 1018, 509.850000, 3 
54, 1427, 897.500000, 1 
34, 112, 53.000000, 2 
174, 13533, 13338.450000, 1 
177, 9311, 7303.600000, 1 
144, 5087, 3352.850000, 1 
192, 16204, 16580.600000, 1 
137, 8551, 7502.000000, 1 
164, 2785, 1442.300000, 1 
195, 9011, 6534.100000, 1 
36, 368, 179.500000, 1 
142, 6057, 4355.550000, 1 
117, 4711, 3311.150000, 1 
138, 7808, 6484.400000, 1 
177, 15373, 16086.950000, 1 
128, 7244, 6030.000000, 1 
90, 1725, 955.200000, 1 
20, 189, 94.450000, 1 
194, 10698, 8546.900000, 1 
185, 14942, 14932.400000, 1 
103, 2468, 1406.550000, 1 
68, 2273, 1508.550000, 1 
60, 241, 129.950000, 4 
190, 8733, 6286.100000, 1 
77, 2316, 1519.300000, 1 
58, 569, 294.550000, 1 
71, 1398, 768.500000, 1 
90, 684, 355.750000, 3 
128, 5646, 4179.000000, 1 
134, 3122, 1794.900000, 1 
99, 1171, 565.600000, 1 
79, 1943, 1181.850000, 1 
70, 1154, 616.600000, 1 
45, 472, 236.150000, 1 
128, 4004, 2519.650000, 1 
188, 14486, 14011.200000, 1 
81, 310, 173.550000, 7 
21, 150, 74.450000, 1 
86, 2151, 1277.400000, 1 
184, 5719, 3641.650000, 1 
123, 3439, 2028.700000, 1 
126, 1465, 750.800000, 1 
90, 3056, 2048.900000, 1 
42, 269, 136.000000, 2 
68, 846, 425.300000, 1 
148, 5286, 3456.000000, 1 
116, 2131, 1224.200000, 1 
51, 234, 121.500000, 2 
190, 5042, 2660.050000, 1 
175, 11705, 10483.400000, 1 
97, 942, 436.450000, 1 
41, 84, 48.100000, 7 
153, 4144, 2391.000000, 1 
99, 4797, 3708.250000, 1 
115, 6116, 5129.200000, 1 
164, 9263, 7510.750000, 1 
143, 1120, 558.900000, 3 
134, 5683, 4028.000000, 1 
94, 1016, 489.350000, 1 
129, 3827, 2374.800000, 1 
99, 3897, 2790.400000, 1 
86, 3628, 2657.850000, 1 
6, 0, 2.600000, 6 
191, 6219, 3845.050000, 1 
98, 181, 120.350000, 16 
71, 851, 438.700000, 1 
79, 1011, 521.300000, 1 
114, 1083, 539.550000, 2 
82, 786, 365.150000, 1 
68, 1977, 1277.200000, 1 
60, 617, 297.850000, 1 
48, 670, 364.350000, 1 
176, 11840, 10552.750000, 1 
35, 539, 299.850000, 1 
26, 120, 59.000000, 2 
53, 826, 446.350000, 1 
169, 11744, 10838.150000, 1 
129, 3501, 2185.150000, 1 
112, 1080, 553.150000, 2 
20, 33, 19.050000, 4 
46, 778, 434.400000, 1 
9, 32, 16.300000, 1 
180, 7765, 5382.800000, 1 
30, 54, 32.500000, 7 
189, 16916, 18050.550000, 1 
60, 809, 429.150000, 1 
63, 1118, 590.150000, 1 
59, 340, 177.500000, 2 
111, 2149, 1145.550000, 1 
137, 8738, 7703.000000, 1 
92, 2094, 1190.800000, 1 
8, 21, 10.600000, 1 
36, 151, 75.750000, 1 
157, 7069, 5077.850000, 1 
14, 37, 19.650000, 2 
63, 1727, 1111.150000, 1 
68, 547, 281.750000, 2 
136, 5227, 3549.750000, 1 
131, 1624, 872.600000, 2 
132, 7000, 5628.900000, 1 
38, 88, 48.600000, 5 
102, 1389, 690.550000, 1 
164, 1170, 595.950000, 4 
192, 13691, 12523.500000, 1 
43, 889, 516.950000, 1 
88, 1972, 1149.350000, 1 
50, 730, 400.050000, 1 
14, 67, 33.100000, 1 
56, 790, 422.350000, 1 
68, 487, 246.150000, 2 
166, 12438, 11938.200000, 1 
131, 6660, 5171.250000, 1 
26, 63, 31.550000, 3 
23, 153, 74.750000, 1 
149, 7557, 5945.450000, 1 
164, 7771, 5834.200000, 1 
114, 6027, 4846.600000, 1 
31, 148, 68.050000, 2 
148, 6591, 4803.150000, 1 
134, 4497, 2691.600000, 1 
39, 158, 75.650000, 2 
112, 5161, 3914.000000, 1 
125, 5619, 4102.150000, 1 
49, 514, 270.000000, 1 
90, 636, 334.150000, 3 
27, 23, 18.650000, 9 
183, 7940, 5540.950000, 1 
76, 185, 116.100000, 12 
133, 3054, 1781.200000, 1 
20, 100, 49.350000, 1 
163, 6909, 4648.050000, 1 
72, 1119, 580.250000, 1 
73, 1195, 651.250000, 1 
57, 1155, 665.150000, 1 
108, 2187, 1252.400000, 1 
109, 5753, 4642.050000, 1 
165, 8586, 6772.700000, 1 
22, 39, 23.350000, 5 
40, 70, 40.600000, 7 
75, 2425, 1619.800000, 1 
33, 29, 23.150000, 12 
74, 424, 227.150000, 3 
12, 63, 31.350000, 1 
184, 7166, 4943.700000, 1 
154, 6501, 4468.200000, 1 
81, 633, 324.300000, 2 
22, 68, 33.600000, 1 
168, 9255, 7459.300000, 1 
55, 1271, 782.700000, 1 
164, 11111, 10045.300000, 1 
70, 2238, 1503.300000, 1 
136, 9000, 8044.450000, 1 
76, 373, 192.450000, 3 
18, 15, 11.750000, 6 
116, 5843, 4552.500000, 1 
158, 10856, 9906.400000, 1 
73, 273, 145.700000, 7 
185, 8597, 6197.600000, 1 
63, 1215, 681.500000, 1 
90, 3851, 2849.700000, 1 
196, 16372, 16627.800000, 1 
72, 1105, 593.800000, 1 
124, 2653, 1523.600000, 1 
149, 10498, 9763.650000, 1 
44, 942, 560.950000, 1 
126, 6812, 5554.850000, 1 
90, 302, 170.400000, 8 
83, 990, 482.850000, 1 
197, 9800, 7131.800000, 1 
135, 4211, 2654.850000, 1 
10, 14, 8.550000, 2 
93, 2272, 1306.950000, 1 
17, 65, 30.000000, 1 
34, 272, 124.550000, 1 
14, 80, 40.050000, 1 
69, 61, 60.200000, 27 
57, 932, 521.200000, 1 
50, 958, 547.150000, 1 
152, 8156, 6420.250000, 1 
134, 890, 469.150000, 4 
4, 3, 2.650000, 1 
27, 163, 74.450000, 1 
155, 3801, 2251.000000, 1 
7, 1, 3.400000, 6 
62, 455, 232.950000, 2 
7, 4, 4.600000, 4 
66, 1690, 1050.600000, 1 
88, 1072, 526.850000, 1 
60, 1064, 598.250000, 1 
185, 6953, 4742.700000, 1 
111, 4213, 2901.150000, 1 
96, 1661, 893.050000, 1 
179, 12562, 11550.200000, 1 
179, 5609, 3297.050000, 1 
20, 23, 15.250000, 6 
28, 53, 29.800000, 5 
180, 12595, 11305.500000, 1 
134, 1125, 586.450000, 3 
93, 1289, 667.950000, 1 
134, 4680, 3063.950000, 1 
115, 6151, 4987.400000, 1 
141, 2121, 1040.400000, 1 
59, 759, 403.450000, 1 
163, 9751, 8233.150000, 1 
170, 8344, 6401.450000, 1 
47, 746, 416.350000, 1 
12, 59, 29.200000, 1 
169, 12897, 12558.700000, 1 
61, 929, 504.500000, 1 
88, 272, 154.050000, 9 
70, 1209, 644.850000, 1 
121, 6895, 5760.300000, 1 
139, 8032, 6688.300000, 1 
162, 2941, 1506.950000, 1 
177, 10921, 9280.950000, 1 
167, 1218, 609.450000, 4 
131, 5691, 4178.900000, 1 
63, 186, 104.900000, 7 
199, 7343, 4788.850000, 1 
180, 11043, 9299.800000, 1 
55, 55, 46.050000, 18 
14, 45, 22.950000, 1 
69, 970, 515.400000, 1 
128, 6623, 5255.950000, 1 
64, 1939, 1268.900000, 1 
138, 7885, 6582.600000, 1 
117, 5259, 3859.700000, 1 
9, 35, 17.650000, 1 
196, 17404, 18377.100000, 1 
108, 1804, 936.050000, 1 
78, 1095, 574.250000, 1 
115, 635, 318.000000, 5 
131, 5349, 3694.000000, 1 
152, 9860, 8800.500000, 1 
152, 6837, 4939.200000, 1 
27, 66, 36.000000, 3 
32, 60, 32.400000, 4 
196, 2052, 1044.100000, 4 
122, 5502, 4138.450000, 1 
26, 297, 151.400000, 1 
47, 970, 581.950000, 1 
90, 3953, 2963.400000, 1 
6, 11, 6.800000, 1 
66, 168, 98.000000, 9 
20, 108, 50.600000, 1 
96, 2906, 1784.900000, 1 
43, 903, 525.350000, 1 
174, 3310, 1681.600000, 1 
107, 2091, 1156.900000, 1 
107, 3504, 2278.450000, 1 
158, 10935, 9962.250000, 1 
61, 1093, 611.300000, 1 
124, 4894, 3379.450000, 1 
158, 2194, 1067.750000, 1 
165, 9917, 8448.400000, 1 
18, 77, 37.100000, 1 
11, 55, 27.000000, 1 
182, 3769, 2039.000000, 1 
58, 829, 444.650000, 1 
17, 116, 57.650000, 1 
114, 2112, 1146.500000, 1 
190, 13543, 12662.150000, 1 
110, 441, 233.950000, 8 
10, 36, 18.200000, 1 
157, 152, 173.300000, 61 
100, 1597, 860.650000, 1 
38, 556, 294.250000, 1 
196, 4795, 2615.600000, 1 
200, 8185, 5455.550000, 1 
34, 12, 20.500000, 23 
4, 2, 2.350000, 2 
61, 412, 210.500000, 1 
19, 116, 56.850000, 1 
165, 12800, 12519.000000, 1 
46, 84, 51.650000, 7 
85, 1038, 537.400000, 1 
198, 4638, 2463.250000, 1 
138, 8842, 7856.150000, 1 
80, 600, 302.150000, 2 
146, 1070, 530.050000, 3 
66, 1380, 797.350000, 1 
48, 1056, 636.900000, 1 
114, 57, 111.350000, 69 
139, 7048, 5470.500000, 1 
101, 1, 101.900000, 100 
176, 11002, 9362.000000, 1 
54, 98, 65.700000, 14 
74, 1692, 995.150000, 1 
106, 4054, 2847.550000, 1 
99, 3525, 2393.900000, 1 
165, 2421, 1185.600000, 1 
10, 40, 20.150000, 1 
22, 223, 113.650000, 1 
187, 2537, 1256.750000, 2 
166, 5358, 3485.900000, 1 
90, 1971, 1125.700000, 1 
17, 97, 47.550000, 1 
159, 11667, 11020.900000, 1 
36, 356, 172.300000, 1 
76, 625, 315.600000, 1 
131, 3427, 2016.950000, 1 
31, 76, 42.100000, 6 
32, 417, 230.400000, 1 
95, 1318, 702.450000, 1 
115, 324, 183.900000, 12 
15, 90, 45.700000, 1 
196, 11313, 9173.700000, 1 
30, 293, 142.700000, 1 
44, 266, 144.200000, 2 
120, 6759, 5562.400000, 1 
119, 6367, 5134.100000, 1 
23, 87, 44.250000, 2 
140, 2906, 1569.600000, 1 
66, 1140, 615.650000, 1 
176, 3913, 2176.050000, 1 
49, 556, 278.300000, 1 
92, 2493, 1555.500000, 1 
102, 1288, 666.300000, 1 
124, 4081, 2627.350000, 1 
149, 8615, 7146.550000, 1 
165, 1466, 722.100000, 3 
21, 141, 70.000000, 1 
98, 4325, 3233.200000, 1 
103, 4493, 3311.150000, 1 
57, 305, 159.050000, 2 
133, 1685, 783.100000, 1 
16, 46, 23.550000, 2 
126, 1202, 601.050000, 2 
135, 317, 193.600000, 18 
108, 3966, 2730.600000, 1 
142, 4025, 2490.100000, 1 
105, 3926, 2721.950000, 1 
174, 6695, 4174.750000, 1 
125, 6947, 5754.250000, 1 
60, 1024, 574.000000, 1 
174, 5273, 3126.350000, 1 
8, 28, 14.600000, 1 
146, 3301, 1837.200000, 1 
92, 479, 256.200000, 4 
170, 13610, 13594.950000, 1 
73, 1837, 1138.050000, 1 
87, 557, 280.200000, 3 
170, 11763, 10732.600000, 1 
184, 12269, 11001.450000, 1 
59, 997, 552.050000, 1 
160, 3936, 2247.150000, 1 
107, 3549, 2295.150000, 1 
33, 425, 220.300000, 1 
65, 998, 514.800000, 1 
94, 652, 339.100000, 4 
81, 2793, 1898.650000, 1 
46, 863, 503.600000, 1 
164, 10646, 9471.650000, 1 
171, 9095, 7225.900000, 1 
27, 318, 163.950000, 1 
55, 503, 243.350000, 1 
183, 5660, 3535.800000, 1 
90, 3973, 2959.700000, 1 
5, 2, 2.350000, 3 
84, 1677, 923.400000, 1 
52, 642, 331.800000, 1 
187, 5617, 3428.050000, 1 
141, 4498, 2817.250000, 1 
132, 6493, 5069.000000, 1 
95, 1471, 765.650000, 1 
51, 828, 453.350000, 1 
67, 1937, 1249.700000, 1 
192, 17356, 18535.650000, 1 
46, 500, 247.200000, 1 
20, 1, 9.700000, 19 
51, 499, 253.800000, 1 
47, 1067, 634.950000, 1 
104, 5158, 4052.450000, 1 
23, 49, 27.200000, 4 
28, 184, 89.050000, 1 
94, 2640, 1742.750000, 1 
23, 164, 80.400000, 1 
33, 43, 28.600000, 9 
70, 745, 368.900000, 1 
29, 387, 208.350000, 1 
182, 7348, 4794.200000, 1 
176, 11742, 10533.650000, 1 
145, 5879, 4057.850000, 1 
24, 113, 55.950000, 2 
5, 9, 5.350000, 1 
102, 1780, 967.350000, 1 
109, 3504, 2216.300000, 1 
51, 243, 124.100000, 2 
140, 3147, 1738.850000, 1 
85, 865, 413.700000, 1 
8, 17, 9.450000, 1 
126, 4575, 3118.300000, 1 
145, 118, 157.550000, 67 
24, 158, 74.300000, 1 
53, 964, 546.300000, 1 
152, 10421, 9484.200000, 1 
47, 509, 260.900000, 1 
129, 7433, 6215.450000, 1 
71, 947, 475.200000, 1 
146, 80, 155.000000, 81 
195, 12005, 10166.150000, 1 
109, 1966, 1110.400000, 1 
90, 3792, 2788.550000, 1 
7, 6, 4.400000, 1 
38, 110, 54.900000, 3 
168, 843, 444.650000, 8 
126, 4469, 2871.900000, 1 
176, 3662, 1842.000000, 1 
113, 5282, 4033.450000, 1 
157, 9776, 8484.050000, 1 
191, 15595, 15757.400000, 1 
6, 10, 5.900000, 1 
185, 15387, 15670.600000, 1 
59, 112, 71.300000, 13 
15, 98, 49.200000, 1 
91, 3382, 2323.550000, 1 
143, 6546, 4815.550000, 1 
95, 938, 451.000000, 1 
153, 4738, 2932.900000, 1 
86, 1402, 729.150000, 1 
64, 1164, 646.650000, 1 
17, 7, 9.300000, 10 
85, 674, 346.200000, 2 
46, 647, 347.450000, 1 
95, 3818, 2712.100000, 1 
34, 55, 33.250000, 7 
34, 507, 273.700000, 1 
75, 2197, 1422.650000, 1 
44, 549, 286.500000, 1 
94, 3322, 2310.450000, 1 
62, 1221, 701.800000, 1 
109, 3431, 2158.300000, 1 
199, 19666, 22063.600000, 1 
165, 8332, 6502.350000, 1 
151, 3236, 1769.250000, 1 
157, 3754, 2198.450000, 1 
93, 3378, 2346.700000, 1 
10, 44, 22.000000, 1 
121, 1359, 666.550000, 1 
144, 10016, 9096.800000, 1 
195, 18071, 19746.400000, 1 
15, 49, 25.500000, 2 
161, 12712, 12502.300000, 1 
157, 7911, 6120.800000, 1 
70, 409, 216.250000, 3 
8, 26, 13.700000, 1 
84, 2405, 1497.050000, 1 
165, 10728, 9574.850000, 1 
134, 319, 198.100000, 20 
48, 393, 186.400000, 1 
17, 33, 17.800000, 2 
6, 10, 6.050000, 1 
17, 126, 61.600000, 1 
28, 200, 96.100000, 1 
5, 1, 2.550000, 4 
91, 70, 81.600000, 41 
91, 2893, 1903.500000, 1 
168, 10375, 8970.950000, 1 
158, 8961, 7489.600000, 1 
115, 1592, 833.500000, 1 
115, 4988, 3702.900000, 1 
62, 418, 220.800000, 2 
171, 11357, 10115.450000, 1 
133, 3248, 1843.650000, 1 
171, 11479, 10325.550000, 1 
156, 8149, 6074.100000, 1 
5, 4, 3.400000, 2 
108, 1569, 843.350000, 1 
114, 1003, 494.400000, 2 
121, 5087, 3694.000000, 1 
175, 1378, 704.800000, 4 
125, 4429, 2943.250000, 1 
141, 1656, 887.650000, 2 
91, 941, 438.250000, 1 
145, 8606, 7301.200000, 1 
171, 5742, 3713.150000, 1 
96, 1724, 942.150000, 1 
190, 6998, 4740.000000, 1 
152, 8528, 7098.150000, 1 
99, 4371, 3245.950000, 1 
92, 3268, 2220.750000, 1 
182, 7534, 5050.500000, 1 
58, 1292, 773.900000, 1 
92, 3557, 2522.450000, 1 
43, 91, 55.950000, 8 
70, 1514, 887.700000, 1 
103, 1918, 1087.000000, 1 
152, 9839, 8623.350000, 1 
176, 9934, 7991.500000, 1 
146, 7302, 5670.850000, 1 
193, 5483, 3154.950000, 1 
200, 11900, 9878.750000, 1 
80, 1276, 679.300000, 1 
30, 152, 70.650000, 1 
98, 1734, 931.250000, 1 
94, 2633, 1677.650000, 1 
57, 273, 136.550000, 2 
53, 442, 231.500000, 1 
35, 253, 117.850000, 1 
189, 1998, 1031.150000, 4 
134, 8244, 7148.550000, 1 
28, 280, 140.650000, 1 
36, 350, 185.900000, 1 
180, 12880, 11918.950000, 1 
108, 5656, 4525.100000, 1 
119, 589, 311.700000, 6 
124, 3945, 2402.250000, 1 
52, 895, 500.700000, 1 
57, 706, 369.850000, 1 
68, 589, 310.000000, 2 
178, 5572, 3346.400000, 1 
46, 837, 490.050000, 1 
183, 4179, 2316.400000, 1 
122, 6696, 5516.000000, 1 
117, 1312, 638.750000, 1 
22, 3, 11.300000, 19 
157, 9524, 8254.550000, 1 
101, 1598, 850.950000, 1 
95, 1032, 504.700000, 1 
68, 136, 85.700000, 13 
139, 1926, 1006.000000, 2 
184, 14387, 14019.950000, 1 
60, 1695, 1091.600000, 1 
127, 6378, 4901.850000, 1 
58, 1562, 980.650000, 1 
184, 10916, 8867.400000, 1 
123, 1984, 1026.700000, 1 
166, 11381, 10396.950000, 1 
138, 1746, 921.050000, 2 
115, 2806, 1592.750000, 1 
130, 6811, 5500.850000, 1 
154, 664, 364.650000, 11 
18, 103, 51.500000, 1 
137, 4914, 3247.900000, 1 
13, 28, 15.800000, 3 
104, 3280, 2175.800000, 1 
130, 3109, 1800.650000, 1 
163, 7527, 5404.950000, 1 
9, 5, 5.050000, 4 
95, 1990, 1057.650000, 1 
172, 3204, 1610.450000, 1 
125, 5568, 4128.900000, 1 
187, 8424, 5842.950000, 1 
87, 3578, 2572.400000, 1 
90, 3535, 2508.850000, 1 
175, 2784, 1388.700000, 1 
26, 236, 119.400000, 1 
55, 1015, 579.300000, 1 
190, 17916, 19567.300000, 1 
126, 67, 127.850000, 73 
39, 222, 104.950000, 2 
10, 10, 6.950000, 3 
132, 7960, 6799.100000, 1 
180, 13954, 13607.500000, 1 
91, 3049, 2015.700000, 1 
115, 6550, 5432.950000, 1 
67, 1702, 1050.500000, 1 
120, 6796, 5595.750000, 1 
35, 52, 33.100000, 9 
166, 11822, 11063.050000, 1 
110, 345, 192.950000, 10 
176, 839, 448.750000, 11 
105, 3628, 2404.950000, 1 
4, 1, 1.950000, 3 
152, 10065, 9004.000000, 1 
102, 2438, 1395.450000, 1 
66, 965, 486.450000, 1 
93, 1474, 785.500000, 1 
173, 3668, 1957.150000, 1 
117, 875, 448.050000, 3 
114, 3780, 2456.550000, 1 
93, 3176, 2109.850000, 1 
167, 7787, 5429.900000, 1 
125, 7477, 6336.450000, 1 
156, 9881, 8668.900000, 1 
76, 637, 329.750000, 2 
157, 1908, 984.850000, 3 
197, 9520, 7067.550000, 1 
15, 49, 24.300000, 1 
13, 19, 12.100000, 4 
182, 7487, 4971.750000, 1 
40, 433, 214.500000, 1 
98, 2966, 1891.000000, 1 
136, 6062, 4419.600000, 1 
28, 109, 51.200000, 2 
30, 26, 22.000000, 13 
30, 11, 18.000000, 20 
53, 1329, 824.200000, 1 
167, 4427, 2669.650000, 1 
13, 42, 21.050000, 1 
81, 1607, 899.700000, 1 
127, 7676, 6511.600000, 1 
147, 7528, 5898.750000, 1 
47, 245, 124.400000, 2 
183, 1031, 529.800000, 7 
68, 357, 185.250000, 2 
153, 6152, 4296.550000, 1 
195, 15560, 15428.150000, 1 
36, 569, 308.650000, 1 
67, 250, 136.750000, 6 
81, 544, 278.100000, 3 
193, 15107, 14834.400000, 1 
96, 3129, 2014.700000, 1 
153, 11290, 10644.600000, 1 
78, 2174, 1354.950000, 1 
199, 16415, 16604.350000, 1 
104, 4905, 3767.200000, 1 
35, 284, 136.900000, 1 
142, 4442, 2639.300000, 1 
196, 12636, 11193.250000, 1 
54, 1348, 836.600000, 1 
161, 6692, 4565.300000, 1 
16, 67, 33.850000, 1 
107, 4569, 3344.300000, 1 
117, 469, 251.650000, 9 
157, 11401, 10809.850000, 1 
67, 1373, 770.250000, 1 
69, 787, 408.200000, 1 
159, 10416, 9181.500000, 1 
13, 14, 9.400000, 4 
106, 2009, 1131.450000, 1 
173, 8039, 5578.600000, 1 
56, 127, 75.100000, 8 
62, 1279, 757.100000, 1 
60, 463, 228.700000, 1 
54, 900, 486.450000, 1 
167, 11106, 9926.500000, 1 
182, 4857, 2893.700000, 1 
178, 11365, 9971.850000, 1 
109, 5750, 4638.150000, 1 
119, 6128, 4863.700000, 1 
144, 4539, 2853.650000, 1 
177, 9216, 7144.600000, 1 
148, 6239, 4374.700000, 1 
99, 4285, 3119.650000, 1 
117, 2209, 1182.600000, 1 
144, 4692, 3000.450000, 1 
149, 3106, 1763.600000, 1 
9, 19, 10.350000, 1 
88, 2800, 1784.800000, 1 
105, 5022, 3893.000000, 1 
166, 305, 223.850000, 34 
60, 1700, 1085.750000, 1 
31, 453, 233.600000, 1 
34, 321, 157.700000, 1 
42, 579, 305.850000, 1 
78, 842, 441.650000, 2 
53, 1212, 727.250000, 1 
86, 3309, 2358.250000, 1 
20, 103, 50.450000, 1 
147, 4642, 2773.650000, 1 
51, 617, 318.250000, 1 
65, 15, 49.600000, 50 
88, 739, 363.600000, 2 
101, 1278, 642.800000, 1 
8, 13, 7.750000, 2 
52, 816, 463.800000, 1 
30, 429, 243.650000, 1 
69, 2092, 1356.800000, 1 
149, 2816, 1421.200000, 1 
79, 2747, 1863.250000, 1 
27, 349, 178.350000, 1 
33, 522, 283.750000, 1 
19, 13, 11.300000, 7 
136, 6755, 5244.400000, 1 
36, 321, 151.400000, 1 
191, 1730, 888.250000, 4 
58, 1174, 700.350000, 1 
51, 1241, 755.250000, 1 
30, 324, 169.950000, 1 
151, 2585, 1325.450000, 1 
191, 7699, 5515.500000, 1 
154, 5894, 3961.750000, 1 
26, 153, 72.500000, 1 
11, 9, 7.050000, 4 
174, 1615, 832.800000, 3 
44, 907, 545.800000, 1 
114, 6012, 4897.700000, 1 
184, 14432, 14222.700000, 1 
49, 259, 130.500000, 2 
43, 549, 294.150000, 1 
47, 264, 132.050000, 1 
75, 709, 375.650000, 2 
176, 7722, 5306.850000, 1 
60, 1248, 734.850000, 1 
140, 3925, 2431.050000, 1 
10, 32, 17.150000, 1 
74, 1706, 1013.650000, 1 
159, 10427, 9274.900000, 1 
42, 383, 200.550000, 1 
35, 505, 261.550000, 1 
32, 277, 140.900000, 1 
123, 3401, 2116.300000, 1 
162, 4143, 2325.500000, 1 
108, 337, 189.000000, 9 
5, 9, 5.200000, 1 
124, 7122, 5927.400000, 1 
13, 19, 11.450000, 3 
48, 330, 153.100000, 1 
150, 2336, 1129.850000, 1 
95, 4024, 2942.750000, 1 
145, 8971, 7869.100000, 1 
54, 1372, 861.550000, 1 
41, 47, 34.100000, 14 
185, 4143, 2187.200000, 1 
57, 28, 41.300000, 31 
197, 5964, 3781.950000, 1 
20, 159, 79.850000, 1 
174, 959, 511.700000, 9 
194, 6713, 4530.050000, 1 
154, 3751, 2058.500000, 1 
156, 9021, 7463.200000, 1 
52, 1008, 587.400000, 1 
72, 16, 59.800000, 57 
170, 3153, 1591.300000, 1 
67, 1615, 987.400000, 1 
64, 1869, 1190.700000, 1 
145, 2538, 1320.400000, 1 
114, 4628, 3271.600000, 1 
157, 590, 331.650000, 12 
179, 10281, 8468.350000, 1 
60, 1109, 627.600000, 1 
104, 3122, 1903.950000, 1 
114, 3504, 2034.700000, 1 
58, 1551, 963.350000, 1 
11, 31, 15.000000, 1 
188, 1960, 1010.850000, 3 
5, 2, 2.750000, 3 
43, 521, 270.150000, 1 
158, 8747, 7040.700000, 1 
34, 512, 271.550000, 1 
49, 748, 412.200000, 1 
164, 5033, 3196.550000, 1 
110, 3517, 2254.550000, 1 
75, 2500, 1673.850000, 1 
92, 2143, 1200.550000, 1 
20, 145, 72.800000, 1 
169, 8252, 6099.000000, 1 
133, 8418, 7368.450000, 1 
154, 156, 164.150000, 52 
10, 13, 8.250000, 2 
181, 1889, 908.950000, 2 
137, 6611, 5083.450000, 1 
80, 1701, 968.050000, 1 
134, 1446, 708.550000, 2 
155, 11365, 10776.400000, 1 
85, 2079, 1259.550000, 1 
4, 2, 2.300000, 2 
150, 4144, 2446.500000, 1 
178, 11195, 9913.600000, 1 
108, 4379, 3127.900000, 1 
152, 6898, 4907.000000, 1 
168, 8025, 5892.300000, 1 
67, 1794, 1117.900000, 1 
75, 2512, 1683.200000, 1 
126, 7817, 6739.650000, 1 
176, 3495, 1742.000000, 1 
105, 4467, 3301.750000, 1 
187, 10006, 7801.800000, 1 
164, 260, 208.250000, 39 
95, 2301, 1340.850000, 1 
39, 47, 32.950000, 11 
136, 8062, 6797.050000, 1 
143, 3256, 1821.700000, 1 
49, 414, 200.050000, 1 
182, 7261, 4909.900000, 1 
29, 389, 205.850000, 1 
186, 11373, 9666.700000, 1 
48, 870, 504.650000, 1 
143, 8401, 7076.500000, 1 
182, 4259, 2329.650000, 1 
149, 6597, 4782.550000, 1 
96, 4031, 2958.850000, 1 
175, 1137, 575.750000, 6 
94, 690, 364.250000, 3 
91, 3340, 2299.400000, 1 
77, 1054, 533.900000, 1 
109, 4957, 3720.450000, 1 
30, 394, 203.450000, 1 
62, 4, 47.500000, 58 
165, 6065, 3897.050000, 1 
13, 43, 22.150000, 2 
57, 321, 165.700000, 2 
174, 802, 430.450000, 11 
72, 1349, 731.600000, 1 
68, 2144, 1423.850000, 1 
198, 14396, 13428.800000, 1 
116, 3176, 1854.050000, 1 
159, 2732, 1360.550000, 1 
93, 1956, 1066.950000, 1 
191, 3942, 1980.850000, 1 
142, 9987, 9240.950000, 1 
78, 1796, 1078.150000, 1 
50, 233, 118.550000, 2 
108, 3478, 2235.550000, 1 
137, 8692, 7581.450000, 1 
65, 1871, 1199.750000, 1 
183, 14661, 14563.200000, 1 
165, 7253, 5190.050000, 1 
12, 21, 12.450000, 3 
85, 2259, 1399.050000, 1 
34, 66, 38.500000, 6 
111, 2025, 978.300000, 1 
50, 160, 88.400000, 4 
9, 32, 16.350000, 1 
92, 783, 399.050000, 2 
104, 767, 396.450000, 3 
181, 270, 225.500000, 48 
46, 623, 331.400000, 1 
5, 1, 2.400000, 4 
10, 39, 19.500000, 1 
51, 1156, 704.300000, 1 
93, 1017, 553.150000, 2 
12, 26, 14.200000, 1 
166, 5460, 3599.100000, 1 
129, 2376, 1276.600000, 1 
104, 815, 431.550000, 4 
62, 742, 402.000000, 1 
97, 1220, 560.500000, 1 
100, 797, 400.950000, 3 
185, 6050, 3657.850000, 1 
84, 926, 464.500000, 1 
123, 1986, 1021.100000, 1 
88, 3490, 2477.550000, 1 
88, 2180, 1295.700000, 1 
199, 12196, 9961.300000, 1 
181, 15222, 15675.850000, 1 
95, 3952, 2851.250000, 1 
29, 60, 33.100000, 5 
157, 7004, 4915.750000, 1 
116, 4091, 2632.100000, 1 
36, 493, 257.900000, 1 
176, 10466, 8703.700000, 1 
49, 281, 141.300000, 2 
17, 66, 30.000000, 1 
89, 2444, 1511.200000, 1 
158, 11111, 10339.200000, 1 
35, 420, 217.750000, 1 
96, 2713, 1625.500000, 1 
110, 215, 141.100000, 19 
48, 145, 79.600000, 5 
139, 5385, 3627.150000, 1 
176, 9464, 7438.700000, 1 
66, 1285, 734.250000, 1 
122, 277, 171.100000, 19 
106, 5063, 3902.400000, 1 
162, 1840, 905.400000, 2 
90, 2366, 1501.400000, 1 
15, 87, 43.100000, 1 
147, 452, 266.900000, 15 
43, 441, 215.850000, 1 
167, 1034, 523.050000, 5 
138, 1701, 899.650000, 2 
58, 442, 235.600000, 2 
22, 110, 53.100000, 1 
113, 5492, 4248.150000, 1 
14, 34, 18.100000, 2 
41, 758, 421.800000, 1 
82, 2162, 1314.550000, 1 
13, 50, 23.700000, 1 
45, 51, 40.250000, 15 
32, 460, 246.350000, 1 
167, 3842, 2077.050000, 1 
141, 2119, 1131.600000, 2 
125, 1740, 894.850000, 1 
9, 35, 17.950000, 1 
72, 2348, 1569.900000, 1 
158, 5350, 3416.450000, 1 
5, 1, 2.550000, 4 
198, 1655, 803.300000, 3 
168, 12782, 12458.750000, 1 
91, 1097, 559.750000, 1 
96, 2574, 1610.600000, 1 
165, 10974, 9712.050000, 1 
186, 2061, 1090.550000, 4 
79, 403, 206.950000, 3 
113, 3891, 2615.600000, 1 
161, 12493, 12282.200000, 1 
40, 246, 108.350000, 1 
161, 15, 208.750000, 146 
153, 7028, 5092.050000, 1 
140, 1716, 912.050000, 2 
110, 2330, 1335.050000, 1 
34, 122, 62.000000, 3 
123, 5431, 3987.600000, 1 
64, 2003, 1336.300000, 1 
135, 1116, 564.650000, 3 
16, 98, 48.900000, 1 
129, 6195, 4772.300000, 1 
27, 240, 119.000000, 1 
139, 697, 355.550000, 6 
76, 658, 350.850000, 2 
119, 799, 411.900000, 3 
39, 658, 363.300000, 1 
138, 9247, 8319.200000, 1 
169, 10500, 9198.500000, 1 
92, 2257, 1322.500000, 1 
127, 1876, 980.650000, 1 
39, 151, 77.050000, 3 
187, 5217, 2964.050000, 1 
95, 526, 260.750000, 2 
35, 502, 271.150000, 1 
127, 5935, 4530.000000, 1 
165, 9041, 7267.050000, 1 
63, 693, 370.450000, 1 
115, 3290, 2055.700000, 1 
18, 10, 10.450000, 9 
8, 16, 8.900000, 1 
124, 6441, 5125.350000, 1 
13, 11, 8.900000, 6 
18, 111, 55.150000, 1 
60, 99, 66.000000, 13 
142, 5788, 3832.950000, 1 
85, 3185, 2231.950000, 1 
6, 9, 5.500000, 1 
197, 10259, 7690.450000, 1 
143, 6813, 5047.850000, 1 
115, 4691, 3355.750000, 1 
51, 147, 85.050000, 5 
197, 12111, 10189.700000, 1 
62, 792, 433.950000, 1 
41, 203, 116.100000, 2 
131, 8337, 7281.550000, 1 
146, 3128, 1673.300000, 1 
94, 4049, 3002.150000, 1 
25, 48, 26.800000, 4 
200, 5975, 3563.500000, 1 
31, 316, 160.000000, 1 
158, 2718, 1417.150000, 1 
200, 19602, 21886.350000, 1 
195, 6539, 4225.800000, 1 
156, 7091, 5187.450000, 1 
140, 8932, 7890.400000, 1 
116, 5570, 4308.500000, 1 
173, 12095, 11122.150000, 1 
26, 13, 15.900000, 14 
123, 3501, 2085.650000, 1 
138, 3134, 1730.050000, 1 
158, 3660, 2079.650000, 1 
121, 2542, 1475.350000, 1 
86, 3544, 2589.900000, 1 
107, 2159, 1223.250000, 1 
196, 3602, 1722.400000, 1 
41, 280, 127.200000, 1 
71, 73, 69.500000, 25 
12, 40, 20.700000, 1 
138, 8178, 6937.550000, 1 
79, 2244, 1447.000000, 1 
102, 3560, 2394.250000, 1 
77, 1146, 596.950000, 1 
72, 1402, 807.600000, 1 
87, 2336, 1457.300000, 1 
135, 588, 328.500000, 9 
186, 6238, 3937.650000, 1 
103, 4157, 2984.950000, 1 
49, 563, 290.300000, 1 
97, 3626, 2530.500000, 1 
148, 3248, 1815.800000, 1 
168, 10477, 8942.450000, 1 
170, 14142, 14400.300000, 1 
81, 2280, 1462.900000, 1 
156, 3774, 2092.450000, 1 
42, 772, 453.750000, 1 
9, 23, 12.450000, 1 
68, 1037, 571.900000, 1 
199, 4527, 2360.800000, 1 
113, 911, 470.150000, 2 
115, 4538, 3152.400000, 1 
181, 11668, 10431.600000, 1 
44, 248, 118.450000, 1 
23, 172, 88.250000, 1 
108, 1740, 864.900000, 1 
138, 970, 492.700000, 2 
145, 9205, 8120.800000, 1 
155, 5837, 3856.750000, 1 
196, 9965, 7491.250000, 1 
148, 6433, 4470.000000, 1 
114, 1776, 895.450000, 1 
184, 8177, 5555.050000, 1 
12, 34, 16.850000, 1 
162, 8308, 6406.550000, 1 
164, 11416, 10556.950000, 1 
11, 26, 14.300000, 2 
102, 2466, 1421.950000, 1 
37, 261, 122.000000, 1 
174, 14676, 15073.350000, 1 
86, 724, 380.500000, 2 
177, 4457, 2464.450000, 1 
167, 11898, 11055.650000, 1 
121, 3255, 1931.050000, 1 
155, 5869, 3789.300000, 1 
176, 11013, 9441.750000, 1 
134, 7378, 6065.400000, 1 
150, 9729, 8670.000000, 1 
140, 1894, 945.500000, 1 
196, 13579, 12291.900000, 1 
11, 3, 5.600000, 8 
100, 1289, 634.400000, 1 
98, 1505, 847.200000, 1 
126, 731, 380.600000, 6 
21, 137, 65.200000, 1 
7, 3, 3.900000, 4 
189, 1520, 769.550000, 4 
58, 32, 43.200000, 30 
172, 10350, 8717.850000, 1 
76, 1182, 663.050000, 1 
21, 122, 56.450000, 1 
84, 668, 334.350000, 2 
37, 659, 367.200000, 1 
64, 506, 243.650000, 1 
152, 7714, 6053.250000, 1 
161, 1676, 880.750000, 3 
50, 332, 172.650000, 2 
178, 1872, 969.350000, 3 
172, 6085, 3931.000000, 1 
107, 3302, 2133.250000, 1 
8, 6, 5.200000, 3 
20, 95, 45.500000, 1 
100, 4475, 3365.200000, 1 
163, 6784, 4686.300000, 1 
73, 551, 283.400000, 2 
179, 15711, 16435.750000, 1 
145, 9490, 8500.250000, 1 
200, 12396, 10288.300000, 1 
116, 6194, 4963.150000, 1 
192, 2166, 1119.350000, 3 
143, 1735, 854.600000, 1 
113, 876, 437.550000, 2 
48, 1127, 678.500000, 1 
12, 50, 25.400000, 1 
12, 23, 13.300000, 3 
181, 13024, 12377.450000, 1 
28, 186, 90.400000, 1 
25, 212, 102.550000, 1 
156, 3871, 2192.850000, 1 
13, 78, 38.950000, 1 
69, 1843, 1146.450000, 1 
44, 866, 511.300000, 1 
165, 9621, 7946.650000, 1 
52, 1324, 817.750000, 1 
52, 1290, 791.750000, 1 
56, 935, 510.900000, 1 
103, 2373, 1345.300000, 1 
142, 6370, 4600.050000, 1 
48, 973, 565.500000, 1 
79, 2038, 1227.000000, 1 
151, 9328, 8093.250000, 1 
174, 3573, 1896.750000, 1 
175, 14951, 15415.700000, 1 
87, 1680, 949.200000, 1 
89, 3114, 2124.700000, 1 
74, 1705, 1022.700000, 1 
85, 200, 120.200000, 13 
38, 612, 337.050000, 1 
181, 5844, 3680.550000, 1 
62, 1544, 948.450000, 1 
75, 1965, 1193.050000, 1 
46, 858, 494.650000, 1 
48, 144, 81.650000, 6 
38, 99, 50.750000, 5 
120, 6199, 4942.750000, 1 
36, 203, 84.900000, 1 
174, 14314, 14422.950000, 1 
134, 8191, 7138.150000, 1 
85, 2132, 1290.250000, 1 
167, 9104, 7265.750000, 1 
38, 485, 255.000000, 1 
117, 6140, 4907.450000, 1 
102, 1782, 967.850000, 1 
146, 6518, 4704.600000, 1 
150, 5156, 3285.300000, 1 
191, 12366, 10720.450000, 1 
127, 5419, 3859.850000, 1 
195, 6770, 4334.300000, 1 
97, 4039, 2949.850000, 1 
182, 8351, 5960.500000, 1 
54, 340, 172.950000, 2 
106, 2920, 1752.150000, 1 
59, 247, 127.100000, 3 
26, 216, 98.000000, 1 
14, 6, 7.900000, 9 
50, 332, 163.000000, 1 
4, 4, 3.000000, 1 
132, 4272, 2652.100000, 1 
47, 135, 78.000000, 6 
160, 4780, 2835.700000, 1 
10, 13, 8.500000, 3 
69, 2010, 1303.550000, 1 
130, 5674, 4192.650000, 1 
50, 1076, 638.500000, 1 
98, 2974, 1883.200000, 1 
98, 4260, 3201.650000, 1 
163, 7019, 4721.150000, 1 
102, 4149, 2990.850000, 1 
114, 914, 455.450000, 2 
122, 7177, 6078.400000, 1 
88, 3268, 2280.900000, 1 
77, 1468, 795.350000, 1 
191, 4687, 2674.450000, 1 
51, 663, 340.600000, 1 
185, 4121, 2165.800000, 1 
173, 10990, 9716.050000, 1 
150, 4475, 2784.300000, 1 
171, 14173, 14253.400000, 1 
39, 643, 349.400000, 1 
81, 614, 301.300000, 2 
117, 4171, 2779.800000, 1 
195, 18819, 20732.100000, 1 
89, 160, 113.400000, 19 
22, 178, 88.350000, 1 
163, 1795, 887.850000, 2 
123, 6623, 5380.150000, 1 
180, 2536, 1358.250000, 2 
37, 338, 164.650000, 1 
153, 4507, 2820.350000, 1 
183, 15938, 16602.250000, 1 
93, 12, 85.400000, 82 
127, 2435, 1304.500000, 1 
53, 407, 204.450000, 1 
185, 11083, 9200.550000, 1 
44, 355, 169.250000, 1 
10, 42, 21.200000, 1 
122, 1916, 939.250000, 1 
61, 1408, 847.550000, 1 
120, 2478, 1368.250000, 1 
24, 121, 56.500000, 1 
150, 9039, 7780.250000, 1 
100, 3894, 2776.750000, 1 
127, 7049, 5859.350000, 1 
188, 9451, 7140.250000, 1 
193, 16248, 16721.150000, 1 
195, 15761, 15733.500000, 1 
18, 65, 31.550000, 1 
173, 8405, 6022.150000, 1 
191, 17898, 19441.850000, 1 
21, 106, 53.700000, 1 
29, 375, 205.950000, 1 
181, 2456, 1275.900000, 2 
103, 4038, 2867.100000, 1 
135, 2248, 1119.050000, 1 
127, 5719, 4246.050000, 1 
71, 1800, 1102.650000, 1 
16, 77, 38.550000, 1 
121, 3438, 2041.950000, 1 
77, 2912, 2034.350000, 1 
100, 2922, 1810.700000, 1 
15, 17, 11.450000, 4 
105, 2639, 1490.050000, 1 
93, 2872, 1849.250000, 1 
137, 485, 272.150000, 13 
120, 3422, 2061.150000, 1 
56, 428, 220.550000, 2 
44, 189, 94.900000, 1 
64, 1889, 1227.150000, 1 
66, 1542, 923.900000, 1 
107, 1774, 910.900000, 1 
129, 2151, 1118.900000, 1 
21, 8, 12.400000, 15 
13, 21, 12.250000, 2 
41, 420, 210.950000, 1 
41, 608, 337.750000, 1 
22, 180, 88.950000, 1 
14, 82, 42.300000, 1 
186, 12854, 11720.400000, 1 
65, 1963, 1284.350000, 1 
110, 1073, 519.750000, 2 
72, 1046, 555.400000, 1 
48, 380, 192.900000, 1 
162, 1569, 799.650000, 3 
133, 3514, 2048.400000, 1 
145, 2478, 1311.200000, 1 
25, 112, 52.750000, 1 
127, 422, 240.750000, 13 
171, 11937, 10972.400000, 1 
174, 6084, 3772.250000, 1 
115, 1259, 668.400000, 2 
97, 3374, 2292.900000, 1 
165, 9261, 7539.150000, 1 
134, 4704, 2975.250000, 1 
79, 536, 275.650000, 3 
197, 3902, 2257.450000, 1 
132, 5127, 3658.450000, 1 
162, 8217, 6315.100000, 1 
147, 8417, 6997.550000, 1 
107, 2660, 1483.750000, 1 
176, 10665, 9088.550000, 1 
142, 1934, 938.950000, 1 
33, 29, 24.500000, 15 
101, 960, 483.050000, 2 
68, 1348, 748.050000, 1 
100, 450, 231.150000, 6 
193, 13891, 12859.550000, 1 
108, 4101, 2852.250000, 1 
8, 27, 14.000000, 1 
115, 5068, 3736.550000, 1 
73, 1970, 1228.000000, 1 
11, 24, 12.550000, 1 
96, 3553, 2442.350000, 1 
181, 9637, 7645.650000, 1 
40, 449, 228.150000, 1 
175, 2972, 1393.100000, 1 
54, 802, 436.050000, 1 
42, 442, 226.650000, 1 
187, 13404, 12462.900000, 1 
82, 1273, 656.800000, 1 
103, 4706, 3521.600000, 1 
186, 13920, 13293.250000, 1 
192, 11938, 10146.950000, 1 
76, 1894, 1164.550000, 1 
31, 314, 157.150000, 1 
123, 2984, 1751.350000, 1 
64, 681, 322.650000, 1 
53, 950, 528.100000, 1 
183, 10828, 9171.850000, 1 
180, 3545, 1853.950000, 1 
119, 4823, 3420.550000, 1 
56, 17, 41.500000, 41 
161, 12053, 11655.700000, 1 
68, 851, 446.900000, 1 
33, 171, 83.100000, 1 
8, 5, 5.150000, 4 
135, 884, 459.750000, 5 
127, 3102, 1764.100000, 1 
50, 676, 361.950000, 1 
41, 92, 68.550000, 6 
178, 14123, 14072.650000, 1 
135, 72, 140.750000, 77 
172, 1991, 1007.050000, 2 
199, 10448, 7830.650000, 1 
77, 1762, 1048.000000, 1 
96, 2144, 1233.800000, 1 
23, 78, 37.500000, 2 
121, 4443, 3009.400000, 1 
196, 13816, 12788.550000, 1 
176, 9279, 7105.000000, 1 
44, 71, 47.350000, 9 
29, 153, 69.200000, 1 
42, 818, 476.850000, 1 
145, 6090, 4311.400000, 1 
117, 3664, 2346.600000, 1 
29, 73, 37.550000, 3 
163, 9815, 8167.250000, 1 
183, 3197, 1631.850000, 1 
95, 2206, 1295.050000, 1 
23, 242, 123.950000, 1 
85, 802, 417.550000, 2 
176, 8123, 5752.050000, 1 
148, 7933, 6419.650000, 1 
47, 351, 176.650000, 1 
148, 501, 276.400000, 12 
183, 15714, 16138.500000, 1 
54, 1111, 656.550000, 1 
94, 1558, 796.400000, 1 
155, 3028, 1646.650000, 1 
81, 376, 195.350000, 5 
139, 4943, 3218.050000, 1 
149, 1596, 784.200000, 2 
94, 2298, 1369.350000, 1 
11, 47, 23.800000, 1 
107, 4543, 3347.900000, 1 
119, 4693, 3316.650000, 1 
44, 487, 255.850000, 1 
154, 10980, 10234.750000, 1 
142, 4911, 3142.950000, 1 
53, 1109, 650.050000, 1 
98, 529, 263.650000, 4 
39, 634, 339.800000, 1 
12, 3, 6.150000, 9 
50, 498, 251.350000, 1 
36, 299, 134.900000, 1 
33, 163, 73.550000, 1 
121, 4785, 3294.200000, 1 
120, 1959, 997.550000, 1 
100, 2157, 1208.550000, 1 
47, 733, 398.450000, 1 
23, 70, 34.050000, 2 
39, 649, 362.650000, 1 
29, 376, 196.050000, 1 
12, 54, 26.100000, 1 
140, 7024, 5449.050000, 1 
80, 275, 151.200000, 7 
69, 965, 500.600000, 1 
137, 878, 449.800000, 4 
56, 343, 164.950000, 1 
51, 702, 373.800000, 1 
6, 3, 3.350000, 3 
72, 1468, 845.900000, 1 
164, 3997, 2353.150000, 1 
15, 22, 13.850000, 5 
25, 65, 34.150000, 2 
15, 72, 36.450000, 1 
138, 5407, 3715.000000, 1 
85, 3035, 2088.550000, 1 
58, 1212, 714.050000, 1 
119, 2929, 1692.950000, 1 
167, 5445, 3435.900000, 1 
123, 4724, 3307.350000, 1 
94, 1461, 801.300000, 1 
77, 983, 505.400000, 1 
92, 2310, 1403.300000, 1 
10, 31, 15.700000, 1 
17, 105, 51.300000, 1 
101, 4027, 2898.650000, 1 
21, 11, 12.850000, 12 
163, 1750, 895.600000, 3 
181, 352, 252.300000, 36 
44, 944, 566.500000, 1 
23, 12, 13.350000, 12 
29, 72, 36.900000, 3 
143, 5294, 3410.100000, 1 
128, 4121, 2530.950000, 1 
116, 4518, 3144.550000, 1 
48, 900, 514.900000, 1 
10, 6, 6.050000, 6 
7, 19, 10.050000, 1 
90, 1119, 559.850000, 1 
28, 368, 195.800000, 1 
7, 6, 4.650000, 2 
63, 1894, 1227.800000, 1 
47, 1045, 625.800000, 1 
97, 2685, 1616.450000, 1 
47, 213, 108.350000, 2 
119, 2046, 1096.600000, 1 
189, 6216, 3803.500000, 1 
180, 8122, 5670.900000, 1 
94, 1917, 1078.350000, 1 
62, 1757, 1125.550000, 1 
176, 12214, 11142.650000, 1 
127, 3815, 2308.550000, 1 
112, 1285, 697.950000, 3 
46, 139, 80.150000, 6 
73, 848, 409.250000, 1 
119, 6481, 5223.800000, 1 
90, 1106, 557.950000, 1 
105, 5306, 4207.450000, 1 
160, 5632, 3703.850000, 1 
101, 4744, 3648.750000, 1 
54, 1333, 818.100000, 1 
126, 2146, 1101.450000, 1 
89, 3546, 2514.350000, 1 
52, 460, 228.350000, 1 
55, 604, 320.350000, 1 
12, 18, 10.950000, 1 
86, 1317, 699.350000, 1 
112, 2333, 1336.400000, 1 
162, 968, 502.400000, 8 
199, 7731, 4999.950000, 1 
34, 426, 222.600000, 1 
97, 2038, 1189.650000, 1 
170, 7894, 5727.900000, 1 
42, 521, 256.050000, 1 
118, 1187, 837.200000, 2 
155, 1033, 516.750000, 4 
4, 3, 2.400000, 1 
187, 15245, 15331.850000, 1 
104, 785, 392.050000, 3 
29, 19, 20.400000, 17 
84, 1872, 1060.700000, 1 
70, 291, 154.950000, 5 
68, 1693, 1015.250000, 1 
199, 13076, 11429.250000, 1 
113, 4861, 3588.000000, 1 
136, 5072, 3438.700000, 1 
82, 1946, 1181.200000, 1 
186, 13376, 12525.950000, 1 
58, 1137, 971.500000, 1 
193, 15969, 16378.800000, 1 
34, 332, 165.450000, 1 
134, 7112, 5643.400000, 1 
119, 6441, 5249.950000, 1 
20, 123, 60.500000, 1 
12, 47, 23.750000, 1 
174, 2862, 1348.400000, 1 
30, 105, 50.250000, 1 
141, 8145, 6901.350000, 1 
81, 726, 370.600000, 2 
5, 7, 4.350000, 1 
135, 123, 146.050000, 60 
30, 34, 23.950000, 10 
85, 362, 190.700000, 4 
181, 677, 361.600000, 16 
38, 452, 216.850000, 1 
9, 11, 8.700000, 2 
71, 2017, 1306.650000, 1 
128, 4881, 3248.000000, 1 
113, 1103, 566.300000, 2 
82, 1311, 712.250000, 1 
138, 540, 297.400000, 11 
142, 7866, 6459.500000, 1 
90, 1641, 899.500000, 1 
104, 412, 223.600000, 7 
139, 75, 146.250000, 79 
196, 18622, 20307.850000, 1 
29, 344, 178.950000, 1 
196, 8226, 5695.200000, 1 
22, 198, 98.950000, 1 
103, 2819, 1650.850000, 1 
20, 41, 22.750000, 4 
86, 1780, 1025.350000, 1 
82, 3100, 2163.750000, 1 
167, 11092, 9937.600000, 1 
35, 569, 308.000000, 1 
122, 1216, 618.650000, 2 
24, 125, 59.550000, 1 
121, 6771, 5622.900000, 1 
11, 33, 17.250000, 1 
182, 13810, 13379.100000, 1 
92, 106, 97.750000, 30 
50, 717, 388.500000, 1 
166, 3360, 1812.450000, 1 
35, 403, 209.850000, 1 
139, 2361, 1210.550000, 1 
77, 346, 186.900000, 5 
59, 1254, 746.150000, 1 
10, 20, 11.550000, 2 
79, 2137, 1334.700000, 1 
136, 8180, 6959.300000, 1 
19, 51, 26.150000, 2 
157, 8667, 7077.700000, 1 
158, 9356, 7858.900000, 1 
181, 13050, 12251.200000, 1 
4, 4, 2.950000, 1 
76, 992, 536.200000, 1 
109, 3745, 2510.000000, 1 
93, 4, 86.200000, 89 
90, 866, 433.100000, 1 
95, 1836, 1043.100000, 1 
14, 29, 15.750000, 2 
8, 1, 3.800000, 7 
199, 6693, 4179.550000, 1 
125, 5500, 3983.850000, 1 
161, 8774, 7133.850000, 1 
94, 3078, 2009.000000, 1 
124, 1626, 783.700000, 1 
11, 16, 9.850000, 3 
119, 177, 134.250000, 28 
93, 218, 132.500000, 14 
157, 5294, 3280.250000, 1 
165, 5653, 3628.300000, 1 
35, 231, 103.200000, 1 
156, 11341, 10635.550000, 1 
199, 19673, 22231.900000, 1 
53, 240, 122.900000, 3 
47, 1029, 629.050000, 1 
48, 1034, 609.750000, 1 
186, 12267, 11007.350000, 1 
152, 3257, 1825.900000, 1 
10, 5, 5.500000, 5 
162, 12484, 12219.600000, 1 
60, 32, 47.800000, 36 
106, 718, 370.100000, 3 
109, 3234, 2011.100000, 1 
46, 771, 436.650000, 1 
130, 6886, 5587.850000, 1 
104, 4284, 3065.700000, 1 
152, 3742, 2129.050000, 1 
36, 495, 260.150000, 1 
32, 41, 28.000000, 8 
22, 41, 24.100000, 5 
35, 56, 34.650000, 9 
55, 1264, 775.950000, 1 
10, 32, 16.250000, 1 
56, 979, 556.350000, 1 
27, 346, 177.350000, 1 
64, 1106, 595.650000, 1 
82, 2545, 1666.700000, 1 
131, 4664, 3020.850000, 1 
72, 522, 271.550000, 2 
112, 916, 487.350000, 4 
48, 191, 99.050000, 2 
105, 1516, 806.250000, 2 
172, 9792, 8021.250000, 1 
128, 7381, 6150.200000, 1 
40, 472, 230.000000, 1 
119, 2016, 1055.300000, 1 
134, 7885, 6655.500000, 1 
156, 7924, 6224.300000, 1 
15, 21, 13.550000, 4 
58, 642, 342.250000, 1 
76, 2715, 1881.750000, 1 
7, 12, 7.050000, 1 
199, 13329, 11755.050000, 1 
69, 1903, 1217.050000, 1 
197, 6416, 3812.600000, 1 
164, 5044, 2996.400000, 1 
109, 4782, 3562.400000, 1 
126, 4589, 3143.750000, 1 
101, 2807, 1752.500000, 1 
55, 799, 422.850000, 1 
81, 338, 179.100000, 6 
190, 9910, 7440.400000, 1 
54, 930, 530.250000, 1 
65, 1613, 985.200000, 1 
120, 1828, 950.500000, 1 
6, 3, 3.350000, 3 
54, 10, 45.100000, 44 
199, 15875, 15816.250000, 1 
156, 11852, 11451.850000, 1 
168, 7509, 5631.850000, 1 
17, 83, 41.100000, 1 
131, 7506, 6202.700000, 1 
29, 302, 152.750000, 1 
21, 16, 13.600000, 9 
87, 3213, 2240.650000, 1 
85, 334, 181.500000, 5 
162, 9682, 8197.300000, 1 
32, 30, 24.000000, 12 
153, 5598, 3486.900000, 1 
29, 393, 209.050000, 1 
107, 2726, 1590.150000, 1 
98, 3596, 2514.200000, 1 
144, 3897, 2251.400000, 1 
64, 889, 472.900000, 1 
179, 3368, 1680.400000, 1 
161, 5963, 3797.500000, 1 
66, 930, 497.750000, 1 
197, 3419, 1629.500000, 1 
126, 1619, 771.600000, 1 
185, 1597, 798.550000, 4 
76, 38, 60.950000, 43 
66, 53, 56.600000, 28 
4, 1, 2.050000, 3 
127, 6121, 4670.100000, 1 
26, 61, 33.350000, 5 
167, 3023, 1440.300000, 1 
163, 4220, 2430.850000, 1 
87, 3319, 2361.600000, 1 
167, 13150, 12892.450000, 1 
154, 5756, 3765.950000, 1 
192, 18077, 19745.100000, 1 
69, 695, 350.800000, 1 
89, 292, 162.000000, 8 
155, 4639, 2886.850000, 1 
24, 178, 87.650000, 1 
175, 13142, 12617.700000, 1 
144, 245, 181.800000, 31 
14, 42, 22.150000, 1 
46, 406, 202.700000, 1 
15, 94, 46.650000, 1 
129, 5785, 4297.450000, 1 
143, 10076, 9294.800000, 1 
191, 8441, 5848.650000, 1 
68, 560, 285.750000, 1 
63, 1376, 832.250000, 1 
30, 36, 25.750000, 11 
49, 332, 174.550000, 1 
124, 3136, 1850.150000, 1 
70, 1915, 1217.400000, 1 
43, 859, 506.300000, 1 
19, 70, 35.100000, 2 
137, 5701, 3983.900000, 1 
179, 5625, 3485.100000, 1 
78, 710, 340.400000, 1 
128, 1339, 680.400000, 2 
136, 6113, 4480.800000, 1 
48, 810, 448.750000, 1 
102, 1478, 746.850000, 1 
13, 2, 6.150000, 11 
47, 994, 588.750000, 1 
166, 12183, 11624.400000, 1 
37, 539, 288.700000, 1 
132, 1170, 581.200000, 2 
87, 468, 239.900000, 4 
182, 4237, 2358.600000, 1 
191, 13810, 12977.950000, 1 
100, 3101, 2004.250000, 1 
45, 984, 584.950000, 1 
40, 433, 229.850000, 1 
57, 435, 214.150000, 1 
9, 24, 12.750000, 1 
193, 11793, 9852.150000, 1 
57, 1552, 987.250000, 1 
86, 2580, 1677.500000, 1 
181, 13860, 13521.150000, 1 
62, 202, 107.150000, 5 
136, 7608, 6210.700000, 1 
118, 2718, 1552.850000, 1 
180, 7892, 5570.000000, 1 
102, 75, 94.550000, 46 
154, 10971, 10252.400000, 1 
10, 2, 4.800000, 8 
63, 1517, 935.100000, 1 
62, 1538, 951.250000, 1 
15, 3, 7.450000, 12 
26, 66, 33.900000, 3 
58, 842, 456.050000, 1 
111, 3298, 1996.900000, 1 
127, 1240, 622.100000, 2 
60, 503, 250.900000, 1 
54, 630, 321.000000, 1 
101, 3162, 1985.000000, 1 
192, 6911, 4595.250000, 1 
9, 28, 14.600000, 1 
39, 723, 437.800000, 1 
146, 2990, 1656.450000, 1 
72, 2127, 1374.900000, 1 
72, 81, 69.750000, 25 
108, 4239, 2955.700000, 1 
188, 8876, 6187.800000, 1 
73, 243, 127.250000, 5 
133, 4550, 2941.400000, 1 
72, 754, 380.100000, 1 
67, 243, 131.650000, 4 
53, 726, 369.600000, 1 
109, 1745, 900.750000, 1 
16, 50, 23.550000, 1 
152, 3027, 1612.050000, 1 
180, 14890, 14980.750000, 1 
117, 296, 174.900000, 14 
134, 2766, 1555.650000, 1 
103, 5061, 3944.900000, 1 
76, 2351, 1546.850000, 1 
15, 4, 7.950000, 11 
27, 187, 82.500000, 1 
179, 7467, 5066.100000, 1 
150, 5094, 3290.000000, 1 
9, 6, 5.700000, 5 
168, 5267, 3131.200000, 1 
106, 2864, 1702.850000, 1 
192, 5853, 3549.600000, 1 
190, 2233, 1047.900000, 2 
31, 324, 164.950000, 1 
190, 15765, 16044.450000, 1 
53, 146, 81.700000, 6 
106, 490, 258.250000, 7 
100, 3881, 2734.900000, 1 
122, 5909, 4497.000000, 1 
165, 2436, 1131.950000, 1 
41, 188, 91.050000, 2 
63, 1601, 989.050000, 1 
87, 3274, 2296.250000, 1 
102, 1728, 989.050000, 1 
178, 3171, 1603.150000, 1 
96, 2133, 1192.300000, 1 
123, 5110, 3625.150000, 1 
193, 16559, 17184.450000, 1 
75, 1192, 656.250000, 1 
159, 983, 507.200000, 6 
129, 159, 143.200000, 41 
149, 10578, 9830.550000, 1 
188, 6651, 4360.200000, 1 
170, 2174, 1045.100000, 1 
78, 2675, 1830.950000, 1 
87, 3010, 2013.400000, 1 
6, 3, 3.300000, 3 
44, 349, 166.650000, 1 
16, 11, 10.150000, 8 
72, 1813, 1104.800000, 1 
146, 5235, 3385.850000, 1 
103, 3566, 2340.750000, 1 
93, 1493, 830.600000, 1 
136, 1078, 540.050000, 3 
195, 13552, 12344.800000, 1 
126, 3482, 2164.500000, 1 
171, 1264, 651.650000, 4 
48, 1011, 599.300000, 1 
139, 790, 410.850000, 6 
65, 77, 61.900000, 20 
177, 234, 214.100000, 52 
175, 265, 216.850000, 44 
71, 193, 111.100000, 7 
69, 154, 94.900000, 12 
49, 873, 509.950000, 1 
103, 3564, 2350.400000, 1 
119, 177, 137.200000, 33 
17, 39, 21.050000, 2 
95, 4304, 3228.550000, 1 
54, 158, 90.200000, 6 
92, 1802, 989.500000, 1 
81, 2185, 1364.750000, 1 
176, 4794, 2812.500000, 1 
82, 2709, 1819.950000, 1 
58, 252, 132.350000, 4 
200, 4961, 2704.300000, 1 
99, 3909, 2781.150000, 1 
89, 419, 220.450000, 5 
26, 105, 48.300000, 1 
133, 546, 286.350000, 6 
182, 1586, 786.700000, 3 
80, 650, 314.200000, 1 
25, 79, 40.300000, 2 
178, 10443, 8768.550000, 1 
163, 2239, 1174.350000, 2 
44, 439, 226.250000, 1 
81, 1032, 514.700000, 1 
79, 634, 314.150000, 2 
61, 1025, 562.900000, 1 
186, 9472, 7269.250000, 1 
82, 1051, 549.200000, 1 
200, 16328, 16503.600000, 1 
104, 3376, 2191.950000, 1 
139, 4752, 3092.050000, 1 
130, 1223, 629.500000, 2 
35, 417, 214.000000, 1 
195, 3165, 1559.750000, 1 
177, 4852, 2880.850000, 1 
195, 6655, 4284.100000, 1 
130, 4757, 3221.750000, 1 
94, 3320, 2259.650000, 1 
110, 164, 131.850000, 33 
90, 889, 467.250000, 2 
141, 8544, 7399.950000, 1 
13, 42, 22.000000, 2 
79, 2280, 1462.550000, 1 
27, 197, 95.650000, 1 
113, 3887, 2555.350000, 1 
9, 12, 7.650000, 2 
97, 2913, 1851.350000, 1 
20, 71, 34.700000, 1 
176, 1877, 944.650000, 3 
185, 11706, 10176.050000, 1 
26, 242, 123.350000, 1 
110, 4964, 3693.400000, 1 
177, 100, 207.150000, 96 
17, 49, 23.650000, 1 
121, 864, 444.700000, 3 
169, 4752, 2782.900000, 1 
153, 5381, 3441.000000, 1 
95, 2587, 1596.050000, 1 
91, 2720, 1751.900000, 1 
134, 4539, 2925.000000, 1 
13, 71, 35.750000, 1 
162, 9093, 7479.950000, 1 
8, 19, 10.050000, 1 
94, 1436, 752.450000, 1 
30, 308, 153.100000, 1 
128, 1787, 876.550000, 1 
16, 92, 46.500000, 1 
88, 2104, 1231.250000, 1 
77, 2213, 1403.500000, 1 
147, 679, 343.600000, 4 
178, 12925, 12242.750000, 1 
57, 584, 631.650000, 1 
70, 92, 69.200000, 20 
181, 1632, 855.900000, 4 
192, 5427, 3225.350000, 1 
51, 448, 229.850000, 1 
18, 136, 71.100000, 1 
192, 7700, 5445.650000, 1 
63, 879, 463.450000, 1 
6, 11, 6.500000, 1 
104, 4902, 3723.200000, 1 
110, 5623, 4443.800000, 1 
6, 11, 6.150000, 1 
109, 530, 272.650000, 4 
157, 1490, 786.300000, 4 
54, 91, 58.750000, 11 
135, 54, 144.000000, 88 
175, 2774, 1493.600000, 2 
195, 16024, 16247.950000, 1 
112, 882, 485.450000, 4 
153, 3956, 2224.700000, 1 
10, 11, 7.900000, 3 
99, 192, 134.300000, 18 
143, 1134, 575.000000, 3 
58, 1480, 946.850000, 1 
19, 15, 13.200000, 10 
118, 3754, 2416.200000, 1 
179, 6687, 4577.850000, 1 
176, 9476, 7543.350000, 1 
89, 1835, 1083.950000, 1 
157, 9641, 8335.400000, 1 
78, 838, 412.000000, 1 
42, 528, 283.150000, 1 
48, 151, 83.250000, 4 
127, 3279, 1892.500000, 1 
114, 1572, 788.350000, 1 
44, 110, 62.600000, 4 
178, 9356, 7235.400000, 1 
192, 4273, 2308.100000, 1 
49, 655, 363.850000, 1 
200, 12411, 10496.400000, 1 
4, 0, 1.700000, 4 
121, 4134, 2762.500000, 1 
164, 8981, 7224.750000, 1 
151, 1181, 600.100000, 3 
87, 1978, 1143.150000, 1 
81, 1596, 856.100000, 1 
123, 6009, 4636.200000, 1 
23, 98, 46.450000, 1 
190, 13245, 12260.250000, 1 
42, 531, 289.350000, 1 
116, 4387, 3073.650000, 1 
96, 1132, 610.250000, 1 
159, 1040, 534.950000, 7 
113, 1740, 894.600000, 1 
137, 1394, 697.900000, 2 
10, 11, 7.350000, 2 
6, 5, 3.900000, 2 
76, 2023, 1261.650000, 1 
191, 7226, 4543.450000, 1 
181, 4358, 2430.800000, 1 
155, 8233, 6497.150000, 1 
16, 91, 45.550000, 1 
63, 1027, 561.400000, 1 
24, 173, 96.800000, 1 
50, 454, 223.500000, 1 
27, 80, 51.300000, 3 
75, 1335, 740.100000, 1 
169, 5114, 3100.650000, 1 
123, 892, 488.150000, 5 
32, 246, 113.000000, 1 
145, 1930, 982.850000, 1 
101, 1614, 857.150000, 1 
93, 1783, 1002.450000, 1 
28, 21, 18.000000, 10 
145, 1864, 1015.100000, 3 
173, 10168, 8528.350000, 1 
51, 31, 40.300000, 30 
67, 2035, 1347.350000, 1 
154, 2919, 1497.000000, 1 
33, 65, 37.700000, 6 
198, 2636, 1349.950000, 2 
69, 981, 549.100000, 1 
60, 1136, 647.700000, 1 
120, 2643, 1467.600000, 1 
58, 1482, 955.550000, 1 
140, 1377, 684.250000, 2 
33, 65, 35.750000, 6 
179, 2522, 1407.050000, 3 
192, 4036, 2182.650000, 1 
12, 27, 14.800000, 2 
160, 7406, 5381.250000, 1 
85, 3029, 2134.000000, 1 
198, 17219, 18046.350000, 1 
151, 4874, 3391.300000, 1 
79, 647, 324.850000, 1 
60, 1051, 591.100000, 1 
74, 2610, 1867.250000, 1 
136, 6253, 4613.000000, 1 
150, 9641, 8496.450000, 1 
144, 5100, 3272.300000, 1 
106, 3248, 2070.400000, 1 
148, 5295, 3339.800000, 1 
146, 2825, 1506.450000, 1 
58, 1126, 636.000000, 1 
99, 335, 182.850000, 9 
22, 109, 51.750000, 1 
139, 8990, 7927.800000, 1 
14, 56, 27.650000, 1 
85, 2387, 1519.250000, 1 
164, 4034, 2100.750000, 1 
23, 186, 92.550000, 1 
131, 3962, 2405.000000, 1 
173, 5421, 3377.850000, 1 
29, 388, 204.000000, 1 
165, 1042, 540.550000, 6 
12, 54, 27.650000, 1 
190, 5736, 3481.450000, 1 
11, 34, 17.650000, 1 
75, 2059, 1304.300000, 1 
17, 65, 31.700000, 1 
5, 0, 2.050000, 5 
166, 1310, 651.900000, 4 
96, 1927, 1063.300000, 1 
139, 2128, 1040.900000, 1 
152, 234, 187.750000, 37 
125, 1214, 613.100000, 2 
191, 17827, 19300.000000, 1 
76, 151, 96.750000, 14 
144, 8359, 7004.500000, 1 
58, 1573, 1000.950000, 1 
168, 5315, 3399.950000, 1 
39, 173, 78.550000, 1 
115, 2559, 1453.200000, 1 
185, 6761, 4484.250000, 1 
9, 22, 11.800000, 1 
30, 98, 49.100000, 3 
179, 10688, 8931.950000, 1 
198, 5082, 2922.650000, 1 
82, 944, 480.850000, 1 
70, 1092, 593.400000, 1 
80, 1885, 1104.650000, 1 
15, 78, 39.100000, 1 
77, 2619, 1831.600000, 1 
81, 2619, 1755.600000, 1 
39, 120, 61.500000, 5 
136, 1238, 652.900000, 3 
53, 398, 215.300000, 2 
7, 21, 14.900000, 1 
67, 1455, 859.800000, 1 
74, 306, 156.800000, 3 
75, 965, 482.100000, 1 
45, 686, 367.100000, 1 
162, 2490, 1288.900000, 2 
88, 3356, 2368.600000, 1 
27, 275, 138.600000, 1 
111, 5857, 4705.100000, 1 
90, 414, 227.200000, 5 
54, 9, 37.950000, 45 
74, 1204, 604.950000, 1 
45, 706, 401.100000, 1 
37, 247, 124.900000, 1 
33, 390, 195.300000, 1 
111, 5890, 4709.050000, 1 
29, 195, 95.800000, 1 
100, 3385, 2297.100000, 1 
95, 417, 240.750000, 8 
187, 11282, 9478.650000, 1 
38, 58, 37.350000, 11 
190, 11304, 9491.550000, 1 
125, 3207, 1891.650000, 1 
164, 2333, 1262.600000, 2 
142, 3934, 2435.950000, 1 
125, 5001, 3494.700000, 1 
186, 4501, 2451.150000, 1 
160, 12422, 12105.500000, 1 
28, 232, 118.000000, 1 
58, 1316, 832.650000, 1 
10, 23, 12.400000, 1 
154, 6716, 4887.900000, 1 
160, 11344, 10531.850000, 1 
60, 1530, 981.000000, 1 
24, 160, 77.700000, 1 
31, 333, 167.450000, 1 
47, 126, 72.600000, 6 
17, 88, 42.950000, 1 
89, 769, 373.250000, 1 
9, 33, 17.250000, 1 
148, 594, 310.400000, 7 
175, 11255, 9751.250000, 1 
42, 194, 104.250000, 3 
25, 66, 32.400000, 2 
112, 127, 114.400000, 36 
111, 655, 334.900000, 5 
46, 411, 215.400000, 1 
149, 898, 490.300000, 6 
109, 2140, 1132.400000, 1 
95, 970, 543.850000, 3 
192, 1996, 1039.200000, 4 
103, 1919, 1071.350000, 1 
154, 11193, 10624.900000, 1 
41, 326, 152.550000, 1 
130, 1840, 922.650000, 1 
50, 947, 557.350000, 1 
115, 5901, 4654.350000, 1 
108, 4930, 3776.800000, 1 
111, 5408, 4247.700000, 1 
156, 2519, 1270.600000, 1 
135, 7165, 5725.650000, 1 
167, 10390, 9019.700000, 1 
128, 2279, 1236.650000, 1 
169, 12630, 12147.950000, 1 
126, 2091, 1170.350000, 1 
158, 5043, 3154.700000, 1 
75, 773, 393.850000, 1 
48, 461, 255.050000, 1 
92, 4089, 3061.700000, 1 
56, 1488, 967.150000, 1 
102, 1691, 909.450000, 1 
185, 16808, 18056.250000, 1 
116, 5133, 3789.500000, 1 
4, 1, 2.050000, 3 
125, 1633, 834.150000, 1 
11, 31, 15.600000, 1 
76, 2585, 1734.800000, 1 
25, 22, 18.300000, 11 
73, 1302, 745.700000, 1 
17, 102, 50.950000, 1 
124, 1331, 684.500000, 2 
116, 4553, 3210.250000, 1 
179, 7914, 5595.350000, 1 
197, 1712, 874.700000, 5 
105, 1239, 603.950000, 1 
108, 1108, 579.400000, 2 
58, 86, 61.650000, 16 
180, 1514, 787.400000, 5 
78, 2150, 1403.850000, 1 
110, 4042, 2760.950000, 1 
127, 3703, 2262.250000, 1 
177, 15359, 16029.300000, 1 
101, 3595, 2498.050000, 1 
46, 1029, 621.200000, 1 
161, 12863, 12802.900000, 1 
140, 7920, 6499.800000, 1 
199, 10194, 7509.950000, 1 
94, 1289, 666.400000, 1 
93, 3485, 2498.750000, 1 
186, 8925, 6886.200000, 1 
199, 93, 260.650000, 124 
178, 5234, 3229.850000, 1 
108, 261, 160.300000, 17 
46, 224, 114.100000, 2 
135, 7435, 6035.750000, 1 
76, 1430, 754.800000, 1 
195, 17688, 18890.200000, 1 
63, 624, 314.300000, 1 
98, 4666, 3586.350000, 1 
139, 5335, 3522.550000, 1 
190, 5142, 3018.350000, 1 
146, 8000, 6412.700000, 1 
31, 231, 110.000000, 1 
182, 2631, 1223.050000, 1 
59, 17, 43.450000, 42 
144, 9413, 8336.750000, 1 
182, 2368, 1188.650000, 2 
169, 2866, 1382.850000, 1 
195, 10625, 8325.700000, 1 
165, 6327, 4143.200000, 1 
4, 1, 2.050000, 3 
27, 27, 20.200000, 9 
176, 11291, 9826.850000, 1 
115, 389, 224.750000, 13 
35, 10, 20.700000, 25 
131, 3765, 2317.900000, 1 
17, 53, 27.250000, 2 
134, 6881, 5396.800000, 1 
60, 1638, 1036.250000, 1 
129, 2279, 1180.800000, 1 
81, 1033, 535.850000, 1 
81, 432, 218.100000, 3 
73, 385, 201.700000, 3 
51, 104, 64.400000, 8 
147, 3006, 1699.400000, 1 
156, 2599, 1335.800000, 1 
45, 213, 116.350000, 3 
123, 2028, 1019.350000, 1 
105, 5412, 4315.700000, 1 
32, 221, 97.200000, 1 
65, 1242, 720.700000, 1 
28, 123, 60.100000, 2 
7, 9, 5.950000, 2 
105, 5032, 3877.400000, 1 
95, 1752, 964.000000, 1 
13, 23, 13.600000, 3 
172, 11405, 10183.850000, 1 
154, 2513, 1183.500000, 1 
39, 141, 69.250000, 3 
172, 8647, 6370.050000, 1 
153, 8362, 6703.650000, 1 
155, 824, 432.500000, 8 
113, 116, 117.950000, 44 
24, 225, 112.200000, 1 
111, 551, 288.350000, 5 
60, 807, 408.800000, 1 
93, 1039, 506.200000, 1 
57, 1288, 765.900000, 1 
157, 5078, 3080.150000, 1 
74, 107, 75.700000, 17 
67, 764, 382.850000, 1 
15, 95, 47.250000, 1 
189, 4, 285.550000, 185 
40, 62, 37.750000, 9 
97, 3515, 2423.200000, 1 
25, 222, 110.700000, 1 
15, 16, 10.800000, 4 
91, 3349, 2356.650000, 1 
69, 630, 328.000000, 1 
169, 13276, 13094.350000, 1 
148, 4279, 2586.100000, 1 
67, 469, 234.700000, 2 
167, 6895, 4776.850000, 1 
108, 1227, 584.300000, 1 
159, 7358, 5411.600000, 1 
132, 1270, 649.850000, 2 
32, 371, 194.200000, 1 
4, 0, 1.850000, 4 
176, 14612, 14739.900000, 1 
134, 5221, 3642.550000, 1 
184, 15719, 16167.000000, 1 
16, 20, 13.100000, 4 
138, 2915, 1596.500000, 1 
142, 5594, 3814.250000, 1 
123, 3235, 1795.150000, 1 
192, 2246, 1085.450000, 2 
113, 2035, 1070.900000, 1 
63, 1715, 1084.900000, 1 
19, 7, 10.300000, 12 
124, 638, 334.700000, 5 
40, 59, 37.400000, 11 
180, 7764, 5417.200000, 1 
177, 1831, 893.150000, 2 
132, 1807, 969.800000, 2 
172, 2848, 1567.750000, 2 
168, 11106, 9915.450000, 1 
72, 1967, 1247.150000, 1 
156, 7851, 6002.950000, 1 
51, 1067, 621.800000, 1 
122, 1228, 652.000000, 2 
71, 1306, 711.700000, 1 
45, 932, 547.850000, 1 
198, 11917, 9995.400000, 1 
75, 1119, 597.700000, 1 
40, 145, 86.000000, 3 
8, 25, 13.100000, 1 
78, 1906, 1159.650000, 1 
174, 5545, 3434.450000, 1 
33, 323, 159.250000, 1 
125, 605, 317.000000, 6 
131, 8252, 7189.100000, 1 
162, 7006, 5108.900000, 1 
166, 11602, 10735.650000, 1 
163, 879, 465.350000, 8 
24, 260, 133.600000, 1 
9, 24, 12.950000, 1 
169, 5411, 3452.150000, 1 
94, 1312, 705.500000, 1 
165, 918, 473.650000, 6 
169, 2125, 1032.550000, 1 
133, 5176, 3660.450000, 1 
187, 4581, 2611.650000, 1 
194, 14665, 14100.700000, 1 
5, 3, 2.900000, 2 
24, 196, 99.150000, 1 
94, 3469, 2415.250000, 1 
77, 1215, 654.700000, 1 
104, 3577, 2386.550000, 1 
125, 7287, 6058.100000, 1 
87, 1901, 1087.350000, 1 
77, 1542, 843.750000, 1 
24, 69, 34.600000, 3 
173, 12702, 12201.450000, 1 
35, 7, 20.800000, 29 
161, 1924, 974.150000, 2 
126, 5942, 4541.150000, 1 
159, 5958, 4084.750000, 1 
117, 363, 200.200000, 11 
84, 658, 338.900000, 2 
142, 8235, 6928.600000, 1 
171, 13649, 13445.100000, 1 
7, 21, 11.150000, 1 
173, 9186, 7316.150000, 1 
110, 5257, 4066.050000, 1 
167, 1842, 936.100000, 3 
15, 11, 9.300000, 6 
42, 58, 41.750000, 11 
119, 5959, 4653.450000, 1 
137, 3759, 2200.750000, 1 
74, 1601, 924.600000, 1 
152, 2171, 1047.850000, 1 
165, 3306, 1668.950000, 1 
82, 576, 296.700000, 3 
50, 360, 188.450000, 2 
87, 1960, 1153.700000, 1 
141, 584, 307.950000, 7 
32, 324, 159.650000, 1 
91, 3643, 2594.550000, 1 
94, 3979, 2931.600000, 1 
186, 6188, 4040.800000, 1 
154, 8404, 6731.950000, 1 
193, 5662, 3294.800000, 1 
48, 947, 556.800000, 1 
66, 1074, 585.000000, 1 
200, 16083, 16108.100000, 1 
155, 5943, 4093.450000, 1 
132, 4931, 3411.500000, 1 
73, 1590, 917.000000, 1 
111, 5015, 3750.950000, 1 
91, 3863, 2831.550000, 1 
140, 1202, 640.350000, 4 
35, 23, 23.950000, 18 
81, 1477, 801.100000, 1 
151, 9460, 8221.500000, 1 
36, 601, 330.900000, 1 
83, 1500, 755.150000, 1 
9, 20, 10.950000, 1 
169, 1110, 578.500000, 7 
66, 1274, 720.700000, 1 
75, 1341, 726.650000, 1 
31, 274, 134.150000, 1 
68, 330, 177.200000, 4 
147, 10621, 10159.750000, 1 
155, 11202, 10943.400000, 1 
45, 547, 296.050000, 1 
140, 300, 194.850000, 25 
117, 5691, 4541.600000, 1 
101, 3376, 2290.550000, 1 
137, 8225, 7249.600000, 1 
99, 3247, 2055.300000, 1 
148, 10539, 10298.750000, 1 
170, 4722, 2980.100000, 1 
45, 460, 240.100000, 1 
120, 5459, 4252.150000, 1 
115, 1792, 912.600000, 1 
94, 2177, 1226.700000, 1 
55, 1441, 893.400000, 1 
68, 1154, 637.850000, 1 
168, 5174, 3539.650000, 1 
86, 328, 172.850000, 6 
168, 1363, 727.850000, 4 
14, 73, 36.900000, 1 
97, 2193, 1266.450000, 1 
18, 148, 73.950000, 1 
169, 3671, 2280.800000, 1 
75, 1258, 704.100000, 1 
87, 1165, 584.950000, 1 
60, 262, 133.000000, 3 
65, 1080, 576.300000, 1 
197, 18891, 22635.950000, 1 
134, 3897, 2438.100000, 1 
177, 5460, 3615.500000, 1 
60, 10, 43.850000, 50 
85, 2747, 1881.700000, 1 
174, 2708, 1373.700000, 1 
52, 185, 101.700000, 4 
190, 8441, 6663.750000, 1 
26, 244, 124.050000, 1 
114, 730, 388.850000, 4 
149, 4403, 2741.700000, 1 
180, 13683, 13223.400000, 1 
181, 15482, 16082.250000, 1 
157, 9833, 8535.350000, 1 
39, 3, 22.950000, 36 
125, 7018, 5843.700000, 1 
25, 216, 107.000000, 1 
87, 3472, 2491.150000, 1 
100, 2634, 1477.950000, 1 
129, 5127, 3576.100000, 1 
23, 216, 107.850000, 1 
31, 197, 90.650000, 1 
16, 48, 24.550000, 2 
42, 249, 133.050000, 2 
188, 17211, 18422.350000, 1 
132, 7824, 6597.550000, 1 
14, 4, 7.200000, 10 
36, 70, 41.150000, 8 
38, 138, 68.400000, 3 
4, 4, 2.900000, 1 
159, 5985, 3833.950000, 1 
136, 2163, 1120.000000, 1 
149, 961, 498.550000, 5 
173, 8233, 6002.700000, 1 
141, 5994, 4139.600000, 1 
76, 1643, 950.800000, 1 
4, 6, 3.800000, 1 
91, 1118, 570.750000, 1 
142, 5890, 4157.800000, 1 
141, 7681, 6262.050000, 1 
33, 14, 20.250000, 21 
84, 2843, 1900.800000, 1 
122, 1385, 754.800000, 3 
22, 161, 79.350000, 1 
176, 13043, 12377.400000, 1 
94, 555, 279.500000, 3 
199, 5467, 3019.200000, 1 
165, 6753, 4349.200000, 1 
128, 2118, 1095.200000, 1 
197, 10644, 7817.250000, 1 
128, 1258, 629.500000, 2 
84, 2815, 1860.400000, 1 
166, 754, 408.450000, 11 
19, 40, 20.550000, 2 
196, 18978, 20932.100000, 1 
112, 3978, 2705.350000, 1 
137, 994, 521.200000, 4 
193, 4181, 2143.800000, 1 
147, 6396, 4494.250000, 1 
8, 2, 4.000000, 6 
187, 8644, 6131.600000, 1 
46, 773, 434.950000, 1 
111, 4089, 2743.500000, 1 
132, 60, 133.950000, 79 
182, 3612, 1809.400000, 1 
195, 2008, 1018.100000, 3 
25, 29, 20.200000, 8 
129, 4996, 3345.500000, 1 
45, 932, 546.150000, 1 
48, 191, 98.950000, 3 
131, 6105, 4495.550000, 1 
173, 13521, 13221.700000, 1 
113, 3571, 2303.750000, 1 
129, 2362, 1260.050000, 1 
103, 1544, 823.050000, 1 
15, 15, 10.700000, 4 
113, 3351, 1995.450000, 1 
4, 3, 2.750000, 2 
101, 1595, 826.300000, 1 
81, 1285, 681.350000, 1 
36, 629, 341.800000, 1 
177, 8855, 6627.200000, 1 
182, 10582, 8847.050000, 1 
60, 671, 343.150000, 1 
4, 0, 1.850000, 4 
102, 1175, 577.800000, 1 
167, 8841, 7080.750000, 1 
59, 133, 77.900000, 7 
115, 328, 186.950000, 11 
115, 1684, 838.950000, 1 
165, 7718, 5641.500000, 1 
142, 8558, 7360.200000, 1 
64, 749, 408.100000, 2 
63, 521, 248.150000, 1 
39, 739, 411.800000, 1 
144, 2190, 1086.100000, 1 
68, 1107, 596.800000, 1 
94, 1962, 1148.950000, 1 
25, 194, 95.100000, 1 
137, 4910, 3289.900000, 1 
135, 8645, 7648.650000, 1 
56, 1, 39.850000, 55 
128, 2208, 1235.150000, 1 
83, 1231, 658.300000, 1 
33, 223, 106.700000, 1 
50, 749, 397.900000, 1 
177, 3006, 1414.350000, 1 
54, 479, 246.150000, 1 
148, 10393, 9553.750000, 1 
12, 18, 11.200000, 3 
127, 492, 273.450000, 11 
27, 170, 80.500000, 1 
121, 6443, 5242.200000, 1 
148, 9372, 8242.850000, 1 
105, 3888, 2704.600000, 1 
24, 178, 86.800000, 1 
76, 2363, 1562.000000, 1 
109, 2312, 1333.350000, 1 
49, 1019, 589.100000, 1 
160, 10434, 9263.650000, 1 
111, 6030, 4876.000000, 1 
198, 12360, 10661.050000, 1 
139, 2316, 1169.450000, 1 
80, 2768, 1889.050000, 1 
196, 14260, 13483.750000, 1 
101, 4678, 3601.550000, 1 
81, 1594, 908.750000, 1 
137, 2722, 1498.150000, 1 
91, 983, 505.100000, 1 
102, 4564, 3464.900000, 1 
84, 2068, 1270.150000, 1 
74, 752, 345.900000, 1 
181, 13329, 12782.250000, 1 
4, 6, 4.000000, 1 
153, 2265, 1067.850000, 1 
18, 119, 59.300000, 1 
168, 646, 352.650000, 12 
194, 16726, 17506.200000, 1 
158, 4546, 2826.400000, 1 
48, 591, 314.450000, 1 
172, 2619, 1242.750000, 1 
133, 5477, 3915.400000, 1 
61, 388, 190.250000, 2 
160, 9423, 7928.100000, 1 
93, 936, 503.000000, 2 
153, 67, 169.350000, 94 
89, 1646, 924.200000, 1 
139, 3408, 1986.600000, 1 
37, 188, 91.050000, 2 
122, 5751, 4422.750000, 1 
83, 2305, 1428.050000, 1 
193, 17839, 19400.300000, 1 
38, 542, 285.650000, 1 
190, 15041, 15067.750000, 1 
41, 350, 169.900000, 1 
8, 22, 12.050000, 1 
91, 1570, 881.900000, 1 
76, 2657, 1812.550000, 1 
121, 4838, 3313.950000, 1 
120, 1004, 528.100000, 3 
72, 1364, 748.900000, 1 
160, 6011, 3858.750000, 1 
171, 3434, 1772.600000, 1 
116, 5141, 3849.900000, 1 
126, 3982, 2497.450000, 1 
199, 9337, 6803.750000, 1 
188, 15159, 15177.350000, 1 
23, 129, 62.950000, 1 
47, 882, 515.950000, 1 
57, 686, 361.350000, 1 
159, 9229, 7723.550000, 1 
41, 657, 371.500000, 1 
193, 3894, 1971.650000, 1 
69, 1698, 1016.550000, 1 
46, 837, 471.200000, 1 
54, 283, 147.400000, 3 
39, 4, 23.400000, 35 
167, 6346, 4309.800000, 1 
97, 1462, 778.400000, 1 
42, 675, 378.100000, 1 
116, 3068, 1808.400000, 1 
44, 45, 39.250000, 17 
10, 41, 20.750000, 1 
102, 545, 274.150000, 4 
78, 1156, 594.000000, 1 
70, 1558, 917.800000, 1 
32, 203, 87.400000, 1 
81, 2493, 1625.150000, 1 
146, 850, 434.600000, 5 
114, 3574, 2119.150000, 1 
69, 1145, 616.600000, 1 
13, 47, 23.900000, 1 
111, 404, 215.350000, 6 
102, 5016, 3929.300000, 1 
99, 3250, 2131.900000, 1 
185, 14530, 14377.350000, 1 
144, 7434, 5787.800000, 1 
190, 15597, 15807.850000, 1 
120, 6868, 5661.300000, 1 
101, 4780, 3660.650000, 1 
135, 6696, 5229.750000, 1 
17, 46, 23.250000, 1 
140, 9017, 7990.950000, 1 
102, 2913, 1758.350000, 1 
59, 677, 345.200000, 1 
59, 1598, 1012.000000, 1 
84, 2316, 1448.350000, 1 
176, 2522, 1197.600000, 1 
24, 222, 112.550000, 1 
14, 54, 27.050000, 1 
177, 10138, 8310.350000, 1 
43, 236, 118.400000, 2 
161, 11449, 10693.800000, 1 
157, 3587, 1971.200000, 1 
178, 12716, 12013.150000, 1 
93, 3158, 2098.950000, 1 
36, 329, 155.150000, 1 
36, 284, 132.000000, 1 
41, 704, 398.650000, 1 
173, 8395, 6202.450000, 1 
8, 20, 10.700000, 1 
119, 3744, 2372.150000, 1 
124, 7027, 5868.400000, 1 
35, 106, 53.200000, 3 
31, 369, 194.600000, 1 
170, 6149, 3981.200000, 1 
122, 4953, 3488.750000, 1 
112, 49, 107.350000, 69 
147, 572, 304.100000, 9 
53, 769, 427.550000, 1 
199, 5204, 2964.750000, 1 
67, 470, 253.400000, 3 
39, 224, 103.650000, 1 
51, 333, 168.950000, 1 
38, 652, 347.650000, 1 
137, 3648, 2098.750000, 1 
162, 6392, 4186.750000, 1 
136, 7867, 6626.100000, 1 
154, 5992, 3958.400000, 1 
68, 311, 167.700000, 4 
139, 6846, 5187.450000, 1 
123, 5713, 4298.950000, 1 
76, 377, 200.600000, 4 
125, 5499, 4096.650000, 1 
61, 363, 186.650000, 3 
131, 2795, 1516.350000, 1 
139, 4295, 2373.950000, 1 
192, 1970, 948.750000, 3 
129, 1169, 609.650000, 2 
96, 561, 297.550000, 6 
143, 1715, 923.050000, 2 
186, 2823, 1379.000000, 1 
7, 21, 11.200000, 1 
141, 308, 198.950000, 23 
72, 1820, 1135.600000, 1 
179, 8827, 6385.700000, 1 
61, 582, 299.900000, 1 
53, 1045, 593.550000, 1 
157, 2486, 1246.350000, 1 
63, 458, 230.650000, 1 
108, 464, 245.750000, 5 
88, 2934, 1974.050000, 1 
109, 365, 206.350000, 10 
195, 4119, 2253.250000, 1 
58, 1070, 613.350000, 1 
133, 519, 288.200000, 11 
93, 3497, 2449.050000, 1 
166, 13219, 13225.300000, 1 
97, 2100, 1208.350000, 1 
157, 9505, 8163.550000, 1 
53, 633, 328.450000, 1 
150, 1675, 860.250000, 2 
192, 4621, 2672.700000, 1 
4, 5, 3.300000, 1 
168, 5173, 3391.700000, 1 
31, 112, 53.850000, 2 
98, 2204, 1275.300000, 1 
83, 2830, 1936.400000, 1 
4, 4, 2.950000, 1 
99, 3023, 1926.600000, 1 
15, 81, 39.800000, 1 
198, 17017, 17629.500000, 1 
94, 100, 101.350000, 37 
72, 1972, 1224.050000, 1 
91, 1366, 747.700000, 1 
111, 4458, 3151.050000, 1 
25, 15, 16.250000, 14 
126, 1442, 745.000000, 2 
53, 50, 43.500000, 18 
69, 118, 80.250000, 17 
93, 2167, 1295.700000, 1 
138, 226, 166.550000, 31 
182, 5315, 3281.300000, 1 
35, 378, 195.450000, 1 
118, 1166, 580.200000, 2 
56, 423, 198.800000, 1 
187, 6059, 3804.550000, 1 
24, 186, 91.100000, 1 
63, 650, 313.000000, 1 
75, 1481, 779.700000, 1 
188, 9974, 7535.450000, 1 
67, 1981, 1327.950000, 1 
168, 8615, 6658.000000, 1 
189, 12376, 10916.600000, 1 
118, 5255, 3969.950000, 1 
93, 3184, 2197.850000, 1 
14, 71, 34.850000, 1 
76, 689, 345.650000, 1 
87, 3638, 2635.800000, 1 
61, 1370, 846.000000, 1 
128, 5579, 3914.150000, 1 
53, 543, 270.300000, 1 
7, 6, 4.800000, 3 
162, 1995, 934.200000, 1 
94, 3119, 2064.150000, 1 
59, 482, 240.400000, 1 
157, 3167, 1733.100000, 1 
151, 10819, 10075.100000, 1 
114, 1194, 605.000000, 1 
96, 2563, 1559.600000, 1 
51, 649, 350.150000, 1 
159, 10358, 9362.250000, 1 
93, 2094, 1213.450000, 1 
100, 1312, 636.800000, 1 
56, 1066, 605.850000, 1 
65, 1236, 688.300000, 1 
194, 16244, 16727.650000, 1 
136, 500, 292.600000, 11 
128, 257, 174.650000, 26 
179, 9825, 7979.250000, 1 
124, 2051, 1145.200000, 1 
29, 315, 161.850000, 1 
85, 1349, 744.050000, 1 
9, 18, 9.850000, 1 
178, 3980, 2186.700000, 1 
21, 98, 46.750000, 1 
81, 546, 289.650000, 2 
196, 2048, 1067.900000, 4 
159, 3215, 1773.500000, 1 
31, 106, 50.650000, 2 
52, 553, 283.850000, 1 
55, 187, 103.350000, 5 
135, 3747, 2091.500000, 1 
145, 6849, 5204.450000, 1 
50, 6, 34.050000, 44 
28, 245, 120.900000, 1 
130, 1454, 711.700000, 2 
27, 51, 28.550000, 4 
157, 5035, 2937.300000, 1 
30, 51, 30.150000, 6 
33, 403, 207.900000, 1 
81, 1960, 1173.400000, 1 
123, 6006, 4680.950000, 1 
56, 1274, 797.100000, 1 
148, 3591, 2180.200000, 1 
117, 5031, 3743.200000, 1 
104, 432, 229.300000, 5 
61, 514, 290.700000, 2 
71, 440, 217.950000, 2 
182, 2941, 1392.200000, 1 
125, 4802, 3361.300000, 1 
198, 13444, 12059.850000, 1 
45, 699, 383.500000, 1 
24, 187, 100.450000, 1 
136, 3394, 1920.900000, 1 
119, 5515, 4236.150000, 1 
169, 2436, 1231.500000, 1 
197, 2403, 1157.600000, 2 
87, 797, 406.500000, 1 
132, 8218, 7163.250000, 1 
28, 120, 54.550000, 1 
80, 844, 438.450000, 1 
8, 8, 6.250000, 3 
67, 319, 169.850000, 4 
47, 226, 118.750000, 3 
95, 3106, 2077.800000, 1 
75, 2612, 1814.750000, 1 
168, 3074, 1584.850000, 1 
61, 1369, 842.400000, 1 
100, 471, 244.700000, 6 
91, 3210, 2172.800000, 1 
98, 1856, 1040.550000, 1 
9, 0, 3.850000, 9 
32, 361, 187.650000, 1 
161, 7287, 5176.600000, 1 
13, 13, 9.350000, 4 
147, 6136, 4337.400000, 1 
141, 8786, 7666.600000, 1 
107, 1263, 690.900000, 2 
13, 67, 33.350000, 1 
134, 7480, 6227.350000, 1 
90, 49, 79.550000, 51 
8, 1, 4.550000, 7 
89, 2296, 1431.400000, 1 
106, 585, 303.650000, 4 
118, 678, 348.850000, 5 
194, 15817, 16175.100000, 1 
144, 8062, 6620.100000, 1 
12, 6, 6.900000, 7 
184, 16345, 17320.850000, 1 
146, 7695, 6253.150000, 1 
40, 289, 133.800000, 1 
196, 10431, 7948.950000, 1 
62, 774, 415.500000, 1 
175, 14046, 13982.950000, 1 
143, 2771, 1381.700000, 1 
109, 4954, 3773.700000, 1 
19, 14, 12.350000, 8 
98, 1822, 931.800000, 1 
39, 644, 368.700000, 1 
45, 691, 376.300000, 1 
76, 1449, 805.500000, 1 
145, 8284, 6932.450000, 1 
102, 2617, 1575.450000, 1 
31, 259, 126.800000, 1 
34, 241, 116.550000, 2 
174, 8420, 6229.150000, 1 
29, 83, 43.250000, 4 
183, 132, 216.850000, 89 
54, 1134, 685.150000, 1 
124, 4195, 2704.000000, 1 
139, 9347, 8449.100000, 1 
47, 893, 526.050000, 1 
6, 4, 3.850000, 3 
160, 6430, 4259.950000, 1 
36, 274, 126.250000, 1 
196, 3127, 1680.600000, 2 
76, 564, 312.600000, 3 
200, 13572, 12326.050000, 1 
193, 9836, 7690.450000, 1 
117, 932, 458.100000, 2 
22, 71, 36.400000, 2 
191, 2320, 1188.150000, 2 
180, 6490, 4348.250000, 1 
97, 854, 430.700000, 2 
186, 3036, 1437.100000, 1 
182, 1119, 579.100000, 6 
107, 4683, 3536.550000, 1 
60, 348, 178.300000, 3 
27, 225, 118.900000, 1 
194, 724, 573.000000, 17 
114, 2753, 1606.900000, 1 
76, 2298, 1479.300000, 1 
195, 5854, 3680.250000, 1 
75, 1960, 1230.850000, 1 
189, 13349, 12490.300000, 1 
76, 87, 71.450000, 24 
114, 5439, 4122.550000, 1 
91, 2463, 1524.600000, 1 
155, 5556, 3495.600000, 1 
39, 115, 57.950000, 4 
155, 4166, 2494.300000, 1 
42, 457, 230.450000, 1 
159, 7320, 5329.450000, 1 
64, 703, 362.450000, 1 
132, 8542, 7480.150000, 1 
42, 453, 231.700000, 1 
122, 5317, 3901.650000, 1 
123, 1058, 571.550000, 4 
84, 1903, 1092.500000, 1 
10, 25, 13.400000, 1 
6, 4, 3.600000, 2 
177, 3937, 2120.350000, 1 
167, 9695, 8111.650000, 1 
130, 2455, 1306.000000, 1 
106, 2004, 1031.500000, 1 
180, 5032, 3083.250000, 1 
59, 126, 78.100000, 11 
109, 2627, 1555.950000, 1 
167, 5765, 3680.800000, 1 
199, 1567, 784.850000, 6 
37, 283, 134.350000, 1 
7, 20, 10.550000, 1 
192, 9434, 7133.000000, 1 
24, 75, 37.000000, 3 
35, 7, 20.450000, 28 
166, 13244, 13165.550000, 1 
178, 4511, 2684.900000, 1 
91, 3013, 1982.000000, 1 
141, 9280, 8320.050000, 1 
183, 13360, 12641.300000, 1 
198, 28, 290.300000, 170 
173, 4724, 2703.950000, 1 
124, 375, 217.550000, 12 
62, 1380, 825.150000, 1 
178, 15177, 15723.250000, 1 
26, 162, 79.800000, 1 
184, 7898, 5351.450000, 1 
116, 5663, 4373.550000, 1 
116, 5879, 4654.600000, 1 
23, 125, 60.300000, 1 
157, 5157, 3218.800000, 1 
41, 693, 392.550000, 1 
56, 490, 248.200000, 1 
41, 399, 189.000000, 1 
14, 16, 10.550000, 4 
55, 1383, 859.550000, 1 
167, 3873, 2144.000000, 1 
162, 12655, 12465.200000, 1 
80, 2878, 1986.800000, 1 
60, 1718, 1102.650000, 1 
77, 1633, 921.150000, 1 
87, 1627, 905.250000, 1 
59, 1526, 957.050000, 1 
154, 1121, 562.600000, 4 
129, 7906, 6821.250000, 1 
191, 7095, 4617.500000, 1 
26, 253, 134.150000, 1 
111, 1609, 876.400000, 2 
197, 5046, 2882.000000, 1 
40, 336, 158.950000, 1 
33, 5, 19.250000, 29 
151, 7071, 5261.550000, 1 
182, 3410, 1684.500000, 1 
115, 2563, 1444.900000, 1 
54, 846, 458.800000, 1 
134, 4394, 2682.150000, 1 
