10, 10.750000, 10 
11, 12.100000, 11 
12, 13.950000, 12 
13, 15.300000, 13 
14, 16.500000, 14 
15, 17.750000, 15 
16, 18.100000, 16 
17, 20.750000, 17 
18, 22.750000, 18 
19, 23.950000, 19 
20, 25.250000, 20 
21, 25.900000, 21 
22, 30.350000, 22 
23, 16.850000, 23 
24, 20.950000, 24 
25, 18.800000, 25 
26, 29.850000, 26 
27, 38.000000, 27 
28, 32.700000, 28 
29, 17.150000, 29 
30, 16.600000, 30 
31, 16.550000, 31 
32, 17.050000, 32 
33, 17.900000, 33 
34, 18.800000, 34 
35, 19.250000, 35 
36, 20.350000, 36 
37, 21.150000, 37 
38, 22.550000, 38 
39, 22.650000, 39 
40, 23.700000, 40 
41, 24.250000, 41 
42, 26.350000, 42 
43, 27.250000, 43 
44, 28.100000, 44 
45, 28.500000, 45 
46, 30.000000, 46 
47, 30.850000, 47 
48, 31.600000, 48 
49, 35.050000, 49 
50, 39.400000, 50 
51, 34.750000, 51 
52, 35.550000, 52 
53, 37.150000, 53 
54, 38.200000, 54 
55, 38.450000, 55 
56, 39.400000, 56 
57, 41.100000, 57 
58, 41.600000, 58 
59, 43.100000, 59 
60, 43.800000, 60 
61, 44.850000, 61 
62, 46.150000, 62 
63, 47.000000, 63 
64, 48.350000, 64 
65, 49.100000, 65 
66, 50.600000, 66 
67, 52.300000, 67 
68, 53.000000, 68 
69, 54.200000, 69 
70, 54.650000, 70 
71, 56.900000, 71 
72, 57.950000, 72 
73, 58.650000, 73 
74, 60.650000, 74 
75, 60.700000, 75 
76, 62.650000, 76 
77, 64.150000, 77 
78, 73.700000, 78 
79, 67.700000, 79 
80, 67.750000, 80 
81, 69.400000, 81 
82, 71.300000, 82 
83, 71.800000, 83 
84, 79.300000, 84 
85, 73.950000, 85 
86, 76.100000, 86 
87, 77.850000, 87 
88, 79.100000, 88 
89, 80.650000, 89 
90, 81.450000, 90 
91, 83.700000, 91 
92, 85.150000, 92 
93, 86.350000, 93 
94, 87.800000, 94 
95, 97.500000, 95 
96, 91.850000, 96 
97, 94.150000, 97 
98, 94.450000, 98 
99, 96.000000, 99 
100, 96.850000, 100 
101, 98.600000, 101 
102, 100.450000, 102 
103, 101.500000, 103 
104, 104.000000, 104 
105, 105.050000, 105 
106, 106.750000, 106 
107, 108.600000, 107 
108, 117.300000, 108 
109, 114.550000, 109 
110, 114.000000, 110 
111, 114.900000, 111 
112, 117.550000, 112 
113, 119.100000, 113 
114, 120.150000, 114 
115, 121.450000, 115 
116, 123.800000, 116 
117, 125.550000, 117 
118, 127.400000, 118 
119, 130.250000, 119 
120, 143.550000, 120 
121, 133.550000, 121 
122, 135.500000, 122 
123, 137.050000, 123 
124, 139.250000, 124 
125, 139.650000, 125 
126, 142.350000, 126 
127, 144.750000, 127 
128, 146.350000, 128 
129, 155.450000, 129 
130, 152.400000, 130 
131, 152.100000, 131 
132, 154.650000, 132 
133, 156.850000, 133 
134, 157.950000, 134 
135, 160.350000, 135 
136, 162.050000, 136 
137, 164.250000, 137 
138, 179.850000, 138 
139, 168.750000, 139 
140, 170.000000, 140 
141, 172.300000, 141 
142, 174.700000, 142 
143, 176.600000, 143 
144, 179.100000, 144 
145, 186.750000, 145 
146, 191.700000, 146 
147, 185.450000, 147 
148, 187.450000, 148 
149, 189.950000, 149 
150, 191.450000, 150 
151, 194.100000, 151 
152, 196.650000, 152 
153, 202.050000, 153 
154, 201.350000, 154 
155, 202.850000, 155 
156, 204.950000, 156 
157, 207.450000, 157 
158, 210.050000, 158 
159, 213.500000, 159 
160, 217.050000, 160 
161, 216.600000, 161 
162, 218.950000, 162 
163, 222.450000, 163 
164, 224.450000, 164 
165, 225.450000, 165 
166, 231.000000, 166 
167, 232.400000, 167 
168, 233.800000, 168 
169, 236.000000, 169 
170, 238.050000, 170 
171, 241.300000, 171 
172, 266.350000, 172 
173, 246.450000, 173 
174, 248.800000, 174 
175, 250.800000, 175 
176, 253.600000, 176 
177, 275.100000, 177 
178, 260.550000, 178 
179, 261.550000, 179 
180, 263.550000, 180 
181, 266.550000, 181 
182, 274.750000, 182 
183, 288.100000, 183 
184, 274.650000, 184 
185, 277.050000, 185 
186, 279.650000, 186 
187, 283.350000, 187 
188, 288.600000, 188 
189, 288.900000, 189 
190, 289.900000, 190 
191, 292.750000, 191 
192, 297.050000, 192 
193, 301.250000, 193 
194, 301.750000, 194 
195, 303.600000, 195 
196, 306.750000, 196 
197, 311.900000, 197 
198, 312.650000, 198 
199, 315.500000, 199 
200, 317.800000, 200 
201, 336.400000, 201 
202, 326.650000, 202 
203, 326.850000, 203 
204, 330.250000, 204 
205, 331.950000, 205 
206, 339.250000, 206 
207, 339.000000, 207 
208, 342.250000, 208 
209, 344.000000, 209 
210, 364.050000, 210 
211, 350.300000, 211 
212, 353.250000, 212 
213, 356.800000, 213 
214, 375.800000, 214 
215, 362.350000, 215 
216, 364.950000, 216 
217, 368.200000, 217 
218, 374.150000, 218 
219, 374.600000, 219 
220, 377.600000, 220 
221, 395.150000, 221 
222, 385.150000, 222 
223, 387.300000, 223 
224, 390.800000, 224 
225, 409.000000, 225 
226, 396.100000, 226 
227, 399.850000, 227 
228, 403.700000, 228 
229, 424.400000, 229 
230, 409.200000, 230 
231, 412.100000, 231 
232, 436.350000, 232 
233, 419.100000, 233 
234, 422.400000, 234 
235, 440.750000, 235 
236, 430.800000, 236 
237, 432.550000, 237 
238, 434.450000, 238 
239, 441.200000, 239 
240, 441.500000, 240 
241, 445.100000, 241 
242, 470.050000, 242 
243, 453.000000, 243 
244, 455.600000, 244 
245, 476.100000, 245 
246, 461.550000, 246 
247, 465.450000, 247 
248, 471.750000, 248 
249, 472.600000, 249 
250, 476.300000, 250 
251, 483.600000, 251 
252, 482.850000, 252 
253, 486.950000, 253 
254, 493.800000, 254 
255, 493.650000, 255 
256, 496.650000, 256 
257, 503.200000, 257 
258, 504.050000, 258 
259, 508.250000, 259 
260, 516.200000, 260 
261, 514.100000, 261 
262, 528.300000, 262 
263, 531.000000, 263 
264, 526.150000, 264 
265, 543.700000, 265 
266, 532.750000, 266 
267, 536.650000, 267 
268, 544.000000, 268 
269, 544.700000, 269 
270, 564.050000, 270 
271, 553.500000, 271 
272, 555.400000, 272 
273, 576.500000, 273 
274, 562.900000, 274 
275, 573.300000, 275 
276, 579.800000, 276 
277, 573.700000, 277 
278, 595.450000, 278 
279, 583.000000, 279 
280, 602.450000, 280 
281, 592.950000, 281 
282, 593.300000, 282 
283, 613.450000, 283 
284, 601.400000, 284 
285, 622.450000, 285 
286, 608.500000, 286 
287, 614.200000, 287 
288, 620.200000, 288 
289, 620.750000, 289 
290, 642.600000, 290 
291, 628.400000, 291 
292, 649.950000, 292 
293, 636.450000, 293 
294, 701.250000, 294 
295, 645.500000, 295 
296, 649.300000, 296 
297, 654.500000, 297 
298, 657.200000, 298 
299, 680.050000, 299 
300, 665.300000, 300 
301, 686.400000, 301 
302, 674.000000, 302 
303, 680.450000, 303 
304, 681.850000, 304 
305, 690.850000, 305 
306, 689.050000, 306 
307, 697.500000, 307 
308, 699.550000, 308 
309, 704.400000, 309 
310, 706.200000, 310 
311, 714.500000, 311 
312, 715.650000, 312 
313, 721.800000, 313 
314, 724.050000, 314 
315, 732.650000, 315 
316, 732.800000, 316 
317, 740.650000, 317 
318, 740.250000, 318 
319, 749.000000, 319 
320, 748.500000, 320 
321, 758.550000, 321 
322, 758.400000, 322 
323, 765.300000, 323 
324, 767.900000, 324 
325, 773.400000, 325 
326, 775.950000, 326 
327, 783.400000, 327 
328, 785.300000, 328 
329, 793.300000, 329 
330, 811.300000, 330 
331, 800.150000, 331 
332, 821.250000, 332 
333, 807.200000, 333 
334, 815.650000, 334 
335, 816.400000, 335 
336, 822.750000, 336 
337, 825.750000, 337 
338, 848.550000, 338 
339, 851.950000, 339 
340, 838.150000, 340 
341, 845.450000, 341 
342, 847.900000, 342 
343, 855.250000, 343 
344, 881.450000, 344 
345, 862.900000, 345 
346, 882.700000, 346 
347, 871.600000, 347 
348, 879.500000, 348 
349, 897.150000, 349 
350, 887.750000, 350 
351, 906.550000, 351 
352, 895.500000, 352 
353, 902.100000, 353 
354, 925.400000, 354 
355, 909.750000, 355 
356, 930.500000, 356 
357, 938.450000, 357 
358, 923.550000, 358 
359, 946.400000, 359 
360, 947.700000, 360 
361, 939.850000, 361 
362, 960.000000, 362 
363, 952.950000, 363 
364, 963.050000, 364 
365, 976.000000, 365 
366, 974.200000, 366 
367, 976.450000, 367 
368, 990.650000, 368 
369, 993.750000, 369 
370, 984.850000, 370 
371, 998.800000, 371 
372, 1008.300000, 372 
373, 999.500000, 373 
374, 1020.050000, 374 
375, 1024.950000, 375 
376, 1011.750000, 376 
377, 1035.150000, 377 
378, 1038.400000, 378 
379, 1027.400000, 379 
380, 1042.300000, 380 
381, 1046.050000, 381 
382, 1044.450000, 382 
383, 1048.550000, 383 
384, 1062.350000, 384 
385, 1069.500000, 385 
386, 1063.500000, 386 
387, 1070.650000, 387 
388, 1091.400000, 388 
389, 1097.350000, 389 
390, 1083.700000, 390 
391, 1104.900000, 391 
392, 1111.650000, 392 
393, 1102.800000, 393 
394, 1106.250000, 394 
395, 1113.450000, 395 
396, 1135.950000, 396 
397, 1141.300000, 397 
398, 1129.350000, 398 
399, 1132.850000, 399 
400, 1159.050000, 400 
401, 1164.450000, 401 
402, 1151.750000, 402 
403, 1156.450000, 403 
404, 1159.250000, 404 
405, 1190.800000, 405 
406, 1186.150000, 406 
407, 1177.650000, 407 
408, 1183.000000, 408 
409, 1186.250000, 409 
410, 1209.650000, 410 
411, 1216.100000, 411 
412, 1204.850000, 412 
413, 1210.800000, 413 
414, 1215.600000, 414 
415, 1221.700000, 415 
416, 1244.700000, 416 
417, 1244.600000, 417 
418, 1240.250000, 418 
419, 1244.750000, 419 
420, 1249.600000, 420 
421, 1252.650000, 421 
422, 1260.800000, 422 
423, 1282.250000, 423 
424, 1285.450000, 424 
425, 1280.300000, 425 
426, 1283.350000, 426 
427, 1288.400000, 427 
428, 1294.200000, 428 
429, 1299.900000, 429 
430, 1323.900000, 430 
431, 1325.350000, 431 
432, 1319.300000, 432 
433, 1323.950000, 433 
434, 1329.250000, 434 
435, 1336.750000, 435 
436, 1340.650000, 436 
437, 1345.800000, 437 
438, 1352.000000, 438 
439, 1356.700000, 439 
440, 1363.100000, 440 
441, 1369.100000, 441 
442, 1397.500000, 442 
443, 1403.500000, 443 
444, 1387.750000, 444 
445, 1393.500000, 445 
446, 1397.950000, 446 
447, 1404.800000, 447 
448, 1412.600000, 448 
449, 1416.700000, 449 
450, 1428.050000, 450 
451, 1432.150000, 451 
452, 1435.100000, 452 
453, 1441.550000, 453 
454, 1448.050000, 454 
455, 1453.100000, 455 
456, 1458.500000, 456 
457, 1465.000000, 457 
458, 1470.750000, 458 
459, 1478.200000, 459 
460, 1483.600000, 460 
461, 1488.450000, 461 
462, 1494.950000, 462 
463, 1502.050000, 463 
464, 1510.050000, 464 
465, 1514.700000, 465 
466, 1520.850000, 466 
467, 1528.500000, 467 
468, 1532.850000, 468 
469, 1538.400000, 469 
470, 1547.150000, 470 
471, 1552.550000, 471 
472, 1558.000000, 472 
473, 1564.600000, 473 
474, 1570.400000, 474 
475, 1581.250000, 475 
476, 1582.900000, 476 
477, 1588.000000, 477 
478, 1595.000000, 478 
479, 1601.900000, 479 
480, 1609.050000, 480 
481, 1613.950000, 481 
482, 1621.250000, 482 
483, 1627.350000, 483 
484, 1634.400000, 484 
485, 1642.900000, 485 
486, 1644.300000, 486 
487, 1653.850000, 487 
488, 1659.350000, 488 
489, 1666.650000, 489 
490, 1673.500000, 490 
491, 1677.200000, 491 
492, 1688.150000, 492 
493, 1690.950000, 493 
494, 1698.900000, 494 
495, 1705.150000, 495 
496, 1711.400000, 496 
497, 1719.250000, 497 
498, 1726.350000, 498 
499, 1731.050000, 499 
500, 1738.300000, 500 
501, 1744.900000, 501 
502, 1749.650000, 502 
503, 1759.850000, 503 
504, 1764.300000, 504 
505, 1773.000000, 505 
506, 1776.850000, 506 
507, 1785.600000, 507 
508, 1792.850000, 508 
509, 1796.100000, 509 
510, 1806.200000, 510 
511, 1810.600000, 511 
512, 1821.900000, 512 
513, 1824.200000, 513 
514, 1830.900000, 514 
515, 1839.100000, 515 
516, 1846.650000, 516 
517, 1851.650000, 517 
518, 1859.500000, 518 
519, 1865.800000, 519 
520, 1874.150000, 520 
521, 1879.000000, 521 
522, 1887.100000, 522 
523, 1892.700000, 523 
524, 1901.000000, 524 
525, 1907.750000, 525 
526, 1912.950000, 526 
527, 1922.850000, 527 
528, 1927.750000, 528 
529, 1933.450000, 529 
530, 1946.050000, 530 
531, 1946.850000, 531 
532, 1955.700000, 532 
533, 1964.250000, 533 
534, 1969.900000, 534 
535, 1976.300000, 535 
536, 1982.350000, 536 
537, 1990.650000, 537 
538, 1998.650000, 538 
539, 2006.350000, 539 
540, 2012.650000, 540 
541, 2019.400000, 541 
542, 2026.100000, 542 
543, 2033.350000, 543 
544, 2043.100000, 544 
545, 2048.450000, 545 
546, 2054.500000, 546 
547, 2065.000000, 547 
548, 2068.700000, 548 
549, 2076.350000, 549 
550, 2086.950000, 550 
551, 2090.050000, 551 
552, 2097.650000, 552 
553, 2106.200000, 553 
554, 2112.150000, 554 
555, 2120.450000, 555 
556, 2129.050000, 556 
557, 2134.800000, 557 
558, 2144.800000, 558 
559, 2149.850000, 559 
560, 2158.500000, 560 
561, 2164.000000, 561 
562, 2173.950000, 562 
563, 2179.300000, 563 
564, 2188.950000, 564 
565, 2194.000000, 565 
566, 2201.700000, 566 
567, 2207.600000, 567 
568, 2216.850000, 568 
569, 2223.300000, 569 
570, 2235.300000, 570 
571, 2236.900000, 571 
572, 2248.400000, 572 
573, 2254.350000, 573 
574, 2294.850000, 574 
575, 2288.950000, 575 
576, 2307.000000, 576 
577, 2302.650000, 577 
578, 2322.900000, 578 
579, 2318.550000, 579 
580, 2337.200000, 580 
581, 2332.050000, 581 
582, 2356.200000, 582 
583, 2350.750000, 583 
584, 2370.950000, 584 
585, 2363.550000, 585 
586, 2383.100000, 586 
587, 2379.950000, 587 
588, 2400.350000, 588 
589, 2417.850000, 589 
590, 2404.050000, 590 
591, 2407.700000, 591 
592, 2430.900000, 592 
593, 2427.500000, 593 
594, 2447.750000, 594 
595, 2440.600000, 595 
596, 2462.000000, 596 
597, 2457.550000, 597 
598, 2479.750000, 598 
599, 2473.950000, 599 
600, 2493.750000, 600 
601, 2506.600000, 601 
602, 2496.850000, 602 
603, 2517.150000, 603 
604, 2510.900000, 604 
605, 2533.950000, 605 
606, 2527.450000, 606 
607, 2547.500000, 607 
608, 2546.200000, 608 
609, 2563.450000, 609 
610, 2561.000000, 610 
611, 2580.450000, 611 
612, 2576.650000, 612 
613, 2598.950000, 613 
614, 2590.500000, 614 
615, 2614.500000, 615 
616, 2605.450000, 616 
617, 2631.100000, 617 
618, 2625.050000, 618 
619, 2645.550000, 619 
620, 2639.600000, 620 
621, 2666.500000, 621 
622, 2654.650000, 622 
623, 2679.150000, 623 
624, 2694.700000, 624 
625, 2695.950000, 625 
626, 2687.200000, 626 
627, 2710.050000, 627 
628, 2705.300000, 628 
629, 2728.150000, 629 
630, 2721.650000, 630 
631, 2743.200000, 631 
632, 2751.700000, 632 
633, 2759.250000, 633 
634, 2768.900000, 634 
635, 2775.050000, 635 
636, 2782.400000, 636 
637, 2791.900000, 637 
638, 2800.100000, 638 
639, 2807.600000, 639 
640, 2816.550000, 640 
641, 2823.300000, 641 
642, 2821.950000, 642 
643, 2813.800000, 643 
644, 2821.350000, 644 
645, 2831.500000, 645 
646, 2837.600000, 646 
647, 2847.150000, 647 
648, 2856.500000, 648 
649, 2865.050000, 649 
650, 2877.800000, 650 
651, 2879.500000, 651 
652, 2888.850000, 652 
653, 2895.900000, 653 
654, 2905.850000, 654 
655, 2915.000000, 655 
656, 2922.150000, 656 
657, 2930.600000, 657 
658, 2939.500000, 658 
659, 2950.550000, 659 
660, 2959.250000, 660 
661, 2966.400000, 661 
662, 2975.000000, 662 
663, 2984.000000, 663 
664, 2994.300000, 664 
665, 3005.850000, 665 
666, 3006.400000, 666 
667, 3018.300000, 667 
668, 3027.000000, 668 
669, 3037.900000, 669 
670, 3047.250000, 670 
671, 3054.900000, 671 
672, 3063.400000, 672 
673, 3071.850000, 673 
674, 3080.800000, 674 
675, 3091.450000, 675 
676, 3094.000000, 676 
677, 3107.600000, 677 
678, 3116.850000, 678 
679, 3125.050000, 679 
680, 3132.750000, 680 
681, 3141.650000, 681 
682, 3151.700000, 682 
683, 3161.700000, 683 
684, 3169.850000, 684 
685, 3175.250000, 685 
686, 3184.250000, 686 
687, 3194.500000, 687 
688, 3204.700000, 688 
689, 3212.750000, 689 
690, 3225.100000, 690 
691, 3229.900000, 691 
692, 3242.400000, 692 
693, 3253.050000, 693 
694, 3259.200000, 694 
695, 3269.600000, 695 
696, 3276.400000, 696 
697, 3284.600000, 697 
698, 3295.600000, 698 
699, 3302.600000, 699 
700, 3314.300000, 700 
701, 3319.050000, 701 
702, 3332.250000, 702 
703, 3337.050000, 703 
704, 3349.050000, 704 
705, 3360.700000, 705 
706, 3364.200000, 706 
707, 3375.050000, 707 
708, 3386.600000, 708 
709, 3392.200000, 709 
710, 3407.650000, 710 
711, 3416.600000, 711 
712, 3422.650000, 712 
713, 3430.200000, 713 
714, 3439.050000, 714 
715, 3451.550000, 715 
716, 3457.300000, 716 
717, 3468.100000, 717 
718, 3476.400000, 718 
719, 3490.350000, 719 
720, 3498.900000, 720 
721, 3504.900000, 721 
722, 3513.650000, 722 
723, 3525.150000, 723 
724, 3534.250000, 724 
725, 3548.800000, 725 
726, 3552.800000, 726 
727, 3560.100000, 727 
728, 3570.900000, 728 
729, 3580.850000, 729 
730, 3592.600000, 730 
731, 3599.550000, 731 
732, 3610.450000, 732 
733, 3620.300000, 733 
734, 3628.450000, 734 
735, 3643.200000, 735 
736, 3646.600000, 736 
737, 3657.800000, 737 
738, 3668.350000, 738 
739, 3678.700000, 739 
740, 3688.250000, 740 
741, 3696.150000, 741 
742, 3705.800000, 742 
743, 3716.700000, 743 
744, 3725.900000, 744 
745, 3735.600000, 745 
746, 3744.650000, 746 
747, 3756.700000, 747 
748, 3765.250000, 748 
749, 3777.300000, 749 
750, 3784.150000, 750 
751, 3794.050000, 751 
752, 3808.350000, 752 
753, 3813.300000, 753 
754, 3825.600000, 754 
755, 3832.700000, 755 
756, 3842.000000, 756 
757, 3853.300000, 757 
758, 3865.300000, 758 
759, 3877.600000, 759 
760, 3883.100000, 760 
761, 3889.300000, 761 
762, 3899.600000, 762 
763, 3912.550000, 763 
764, 3923.800000, 764 
765, 3934.850000, 765 
766, 3940.200000, 766 
767, 3950.100000, 767 
768, 3963.300000, 768 
769, 3971.700000, 769 
770, 3985.250000, 770 
771, 3990.300000, 771 
772, 4001.500000, 772 
773, 4014.450000, 773 
774, 4026.750000, 774 
775, 4032.950000, 775 
776, 4041.750000, 776 
777, 4051.650000, 777 
778, 4062.350000, 778 
779, 4072.050000, 779 
780, 4081.750000, 780 
781, 4094.900000, 781 
782, 4101.450000, 782 
783, 4114.950000, 783 
784, 4124.350000, 784 
785, 4132.000000, 785 
786, 4142.400000, 786 
787, 4152.300000, 787 
788, 4169.950000, 788 
789, 4175.550000, 789 
790, 4182.650000, 790 
791, 4190.350000, 791 
792, 4208.250000, 792 
793, 4215.650000, 793 
794, 4227.600000, 794 
795, 4234.200000, 795 
796, 4243.950000, 796 
797, 4259.200000, 797 
798, 4270.100000, 798 
799, 4280.000000, 799 
800, 4289.300000, 800 
801, 4294.650000, 801 
802, 4312.900000, 802 
803, 4319.850000, 803 
804, 4328.350000, 804 
805, 4344.100000, 805 
806, 4351.050000, 806 
807, 4362.500000, 807 
808, 4374.300000, 808 
809, 4383.400000, 809 
810, 4396.850000, 810 
811, 4403.450000, 811 
812, 4410.700000, 812 
813, 4422.850000, 813 
814, 4432.050000, 814 
815, 4445.000000, 815 
816, 4452.000000, 816 
817, 4464.100000, 817 
818, 4476.350000, 818 
819, 4490.650000, 819 
820, 4496.750000, 820 
821, 4507.550000, 821 
822, 4520.600000, 822 
823, 4548.550000, 823 
824, 4540.050000, 824 
825, 4551.900000, 825 
826, 4559.600000, 826 
827, 4570.100000, 827 
828, 4583.850000, 828 
829, 4636.850000, 829 
830, 4608.950000, 830 
831, 4610.600000, 831 
832, 4627.100000, 832 
833, 4637.550000, 833 
834, 4646.800000, 834 
835, 4657.200000, 835 
836, 4666.700000, 836 
837, 4679.500000, 837 
838, 4690.200000, 838 
839, 4702.850000, 839 
840, 4709.300000, 840 
841, 4720.850000, 841 
842, 4735.950000, 842 
843, 4742.900000, 843 
844, 4753.900000, 844 
845, 4763.550000, 845 
846, 4772.450000, 846 
847, 4786.950000, 847 
848, 4797.300000, 848 
849, 4808.400000, 849 
850, 4820.550000, 850 
851, 4830.500000, 851 
852, 4841.450000, 852 
853, 4854.200000, 853 
854, 4865.900000, 854 
855, 4878.200000, 855 
856, 4883.850000, 856 
857, 4897.550000, 857 
858, 4906.900000, 858 
859, 4926.950000, 859 
860, 4931.750000, 860 
861, 4939.950000, 861 
862, 4952.550000, 862 
863, 4962.750000, 863 
864, 4976.200000, 864 
865, 4994.250000, 865 
866, 4995.600000, 866 
867, 5011.750000, 867 
868, 5021.300000, 868 
869, 5027.750000, 869 
870, 5045.550000, 870 
871, 5052.650000, 871 
872, 5067.200000, 872 
873, 5078.800000, 873 
874, 5088.700000, 874 
875, 5102.100000, 875 
876, 5106.250000, 876 
877, 5121.400000, 877 
878, 5131.600000, 878 
879, 5145.500000, 879 
880, 5157.150000, 880 
881, 5164.300000, 881 
882, 5175.750000, 882 
883, 5188.000000, 883 
884, 5198.100000, 884 
885, 5216.150000, 885 
886, 5221.000000, 886 
887, 5231.200000, 887 
888, 5242.300000, 888 
889, 5262.350000, 889 
890, 5272.750000, 890 
891, 5276.750000, 891 
892, 5292.500000, 892 
893, 5302.050000, 893 
894, 5314.500000, 894 
895, 5334.150000, 895 
896, 5333.850000, 896 
897, 5347.800000, 897 
898, 5359.450000, 898 
899, 5373.200000, 899 
900, 5391.100000, 900 
901, 5395.200000, 901 
902, 5409.100000, 902 
903, 5419.450000, 903 
904, 5441.600000, 904 
905, 5445.700000, 905 
906, 5454.350000, 906 
907, 5465.600000, 907 
908, 5477.250000, 908 
909, 5491.100000, 909 
910, 5501.100000, 910 
911, 5515.100000, 911 
912, 5527.450000, 912 
913, 5536.200000, 913 
914, 5549.200000, 914 
915, 5557.450000, 915 
916, 5572.850000, 916 
917, 5584.950000, 917 
918, 5596.950000, 918 
919, 5612.300000, 919 
920, 5620.550000, 920 
921, 5630.400000, 921 
922, 5644.250000, 922 
923, 5655.850000, 923 
924, 5670.500000, 924 
925, 5682.700000, 925 
926, 5690.700000, 926 
927, 5709.700000, 927 
928, 5716.850000, 928 
929, 5730.900000, 929 
930, 5743.550000, 930 
931, 5749.500000, 931 
932, 5767.700000, 932 
933, 5777.800000, 933 
934, 5789.250000, 934 
935, 5801.100000, 935 
936, 5811.800000, 936 
937, 5829.800000, 937 
938, 5838.400000, 938 
939, 5851.150000, 939 
940, 5872.200000, 940 
941, 5882.050000, 941 
942, 5887.950000, 942 
943, 5902.300000, 943 
944, 5913.250000, 944 
945, 5919.400000, 945 
946, 5930.750000, 946 
947, 5951.850000, 947 
948, 5960.750000, 948 
949, 5971.200000, 949 
950, 5982.000000, 950 
951, 5998.100000, 951 
952, 6011.350000, 952 
953, 6020.400000, 953 
954, 6036.050000, 954 
955, 6042.050000, 955 
956, 6055.150000, 956 
957, 6074.050000, 957 
958, 6084.200000, 958 
959, 6096.850000, 959 
960, 6106.500000, 960 
961, 6116.600000, 961 
962, 6128.400000, 962 
963, 6144.850000, 963 
964, 6156.450000, 964 
965, 6171.500000, 965 
966, 6181.800000, 966 
967, 6193.350000, 967 
968, 6207.900000, 968 
969, 6220.150000, 969 
970, 6235.050000, 970 
971, 6242.400000, 971 
972, 6255.500000, 972 
973, 6270.500000, 973 
974, 6281.800000, 974 
975, 6294.450000, 975 
976, 6305.900000, 976 
977, 6320.000000, 977 
978, 6331.350000, 978 
979, 6345.900000, 979 
980, 6357.900000, 980 
981, 6368.800000, 981 
982, 6380.800000, 982 
983, 6394.200000, 983 
984, 6410.050000, 984 
985, 6420.150000, 985 
986, 6433.500000, 986 
987, 6449.250000, 987 
988, 6456.650000, 988 
989, 6473.000000, 989 
990, 6489.700000, 990 
991, 6495.500000, 991 
992, 6511.300000, 992 
993, 6521.750000, 993 
994, 6535.150000, 994 
995, 6548.750000, 995 
996, 6558.000000, 996 
997, 6573.400000, 997 
998, 6587.450000, 998 
999, 6603.200000, 999 
1000, 6614.250000, 1000 
