2 1 
1 2 
2 1 

4 2 
1 2 
2 1 
3 4 
4 3 

6 3 
1 4 
2 5 
3 6 
4 1 
5 2 
6 3 

8 4 
1 2 
2 1 
3 5 
4 8 
5 3 
6 7 
7 6 
8 4 

10 5 
1 5 
2 8 
3 7 
4 6 
5 1 
6 4 
7 3 
8 2 
9 10 
10 9 

12 6 
1 8 
2 12 
3 5 
4 9 
5 3 
6 10 
7 11 
8 1 
9 4 
10 6 
11 7 
12 2 

14 7 
1 10 
2 4 
3 6 
4 2 
5 11 
6 3 
7 8 
8 7 
9 14 
10 1 
11 5 
12 13 
13 12 
14 9 

16 8 
1 8 
2 15 
3 16 
4 10 
5 12 
6 7 
7 6 
8 1 
9 14 
10 4 
11 13 
12 5 
13 11 
14 9 
15 2 
16 3 

18 9 
1 7 
2 8 
3 6 
4 18 
5 16 
6 3 
7 1 
8 2 
9 10 
10 9 
11 15 
12 13 
13 12 
14 17 
15 11 
16 5 
17 14 
18 4 

20 10 
1 4 
2 3 
3 2 
4 1 
5 8 
6 9 
7 19 
8 5 
9 6 
10 20 
11 15 
12 16 
13 17 
14 18 
15 11 
16 12 
17 13 
18 14 
19 7 
20 10 

