15, 39, 3, 4, 2212.750000, 3, 2126.500000, 3, 3, 4, 132.900000, 3, 65.750000, 4, 
12, 60, 1, 1, 21.900000, 1, 22.000000, 1, 1, 1, 22.000000, 1, 21.950000, 1, 
39, 148, 8, 11, 178462.200000, 7, 262464.850000, 7, 8, 11, 1380.950000, 8, 1442.250000, 8, 
43, 478, 4, 6, 346101.100000, 3, 280245.350000, 3, 4, 6, 5299.800000, 4, 9732.150000, 4, 
18, 93, 2, 4, 34.400000, 2, 3051.000000, 2, 2, 4, 342.050000, 2, 586.400000, 2, 
30, 29, 16, 17, 148802.000000, 13, 115419.100000, 14, 16, 17, 161.550000, 16, 244.900000, 15, 
10, 37, 1, 3, 14.800000, 1, 232.950000, 2, 1, 3, 14.300000, 1, 137.450000, 1, 
37, 125, 7, 11, 115739.050000, 7, 157582.450000, 7, 7, 11, 764.250000, 7, 2103.050000, 7, 
50, 270, 6, 11, 465276.450000, 6, 547373.150000, 8, 6, 11, 2130.850000, 6, 5470.850000, 8, 
41, 701, 1, 3, 231.900000, 1, 4823.400000, 2, 1, 3, 230.050000, 1, 3216.100000, 1, 
14, 8, 7, 10, 2667.150000, 7, 2572.000000, 9, 7, 10, 12.000000, 7, 37.900000, 7, 
40, 305, 5, 8, 128145.400000, 4, 162897.700000, 4, 5, 8, 3641.300000, 4, 3748.850000, 5, 
6, 6, 2, 3, 4.050000, 2, 34.400000, 3, 2, 3, 11.900000, 2, 20.500000, 2, 
6, 6, 3, 3, 40.350000, 3, 40.100000, 3, 3, 3, 16.300000, 3, 16.600000, 3, 
41, 575, 3, 4, 83391.800000, 2, 102071.900000, 2, 3, 4, 7176.350000, 3, 7164.750000, 3, 
45, 674, 1, 4, 242.450000, 1, 16213.100000, 2, 1, 4, 242.750000, 1, 1685.950000, 1, 
42, 788, 1, 1, 286.400000, 1, 283.500000, 1, 1, 1, 282.350000, 1, 282.250000, 1, 
16, 4, 12, 12, 3189.200000, 12, 3200.850000, 12, 12, 12, 10.000000, 12, 10.000000, 12, 
25, 294, 1, 2, 97.100000, 1, 98.050000, 2, 1, 2, 98.200000, 1, 298.950000, 1, 
40, 96, 9, 14, 134734.000000, 9, 244247.150000, 11, 9, 14, 615.950000, 9, 1273.850000, 11, 
39, 157, 6, 11, 131600.350000, 6, 222842.400000, 7, 6, 11, 1101.800000, 6, 2041.500000, 8, 
38, 236, 5, 5, 76938.650000, 5, 102010.500000, 5, 5, 5, 1993.250000, 5, 1895.650000, 4, 
11, 50, 1, 2, 18.750000, 1, 18.900000, 2, 1, 2, 18.700000, 1, 58.150000, 1, 
24, 240, 1, 2, 82.250000, 1, 82.300000, 2, 1, 2, 80.600000, 1, 245.200000, 1, 
13, 20, 3, 6, 901.650000, 3, 1340.050000, 4, 3, 6, 28.800000, 3, 90.550000, 3, 
25, 127, 3, 4, 17880.400000, 3, 28888.450000, 3, 3, 4, 505.400000, 3, 412.250000, 3, 
9, 6, 4, 6, 300.800000, 4, 279.350000, 6, 4, 6, 9.050000, 4, 19.450000, 4, 
40, 230, 6, 8, 224714.250000, 5, 155228.800000, 5, 6, 8, 1865.650000, 6, 3153.350000, 5, 
43, 622, 2, 2, 228.450000, 2, 227.650000, 2, 2, 2, 7202.750000, 2, 7219.850000, 2, 
44, 265, 6, 8, 243436.850000, 5, 153365.000000, 7, 6, 8, 3080.300000, 6, 4010.150000, 7, 
21, 47, 5, 8, 8258.150000, 5, 12139.700000, 5, 5, 8, 203.000000, 5, 484.550000, 5, 
49, 618, 4, 5, 540195.700000, 3, 303804.950000, 4, 4, 5, 8281.650000, 4, 11059.250000, 4, 
38, 315, 3, 6, 104483.050000, 3, 109556.050000, 4, 3, 6, 2557.650000, 3, 3959.650000, 5, 
38, 92, 8, 13, 160521.550000, 8, 317685.700000, 8, 8, 13, 408.550000, 8, 785.200000, 10, 
50, 700, 3, 5, 399334.600000, 3, 420967.200000, 3, 3, 5, 9610.400000, 3, 13974.850000, 3, 
4, 6, 1, 1, 3.900000, 1, 3.700000, 1, 1, 1, 3.600000, 1, 3.500000, 1, 
44, 436, 5, 5, 249456.350000, 4, 406687.550000, 3, 5, 5, 5868.550000, 4, 4213.150000, 3, 
48, 168, 10, 14, 651009.600000, 9, 281626.400000, 13, 10, 14, 1704.100000, 10, 4574.200000, 10, 
48, 231, 9, 12, 802074.400000, 7, 515050.850000, 8, 9, 12, 4866.250000, 7, 5834.050000, 8, 
40, 286, 5, 8, 231336.050000, 4, 218048.750000, 4, 5, 8, 2551.350000, 4, 2854.600000, 5, 
11, 43, 1, 3, 16.250000, 1, 467.200000, 2, 1, 3, 16.750000, 1, 54.350000, 1, 
26, 211, 2, 4, 73.050000, 2, 7524.050000, 2, 2, 4, 1163.650000, 2, 1905.050000, 3, 
21, 90, 3, 4, 8861.400000, 3, 14105.100000, 3, 3, 4, 507.100000, 3, 579.100000, 3, 
13, 31, 3, 4, 1130.800000, 3, 1540.450000, 3, 3, 4, 81.650000, 3, 136.200000, 3, 
5, 6, 1, 2, 3.550000, 1, 3.750000, 2, 1, 2, 3.650000, 1, 11.900000, 1, 
41, 335, 4, 6, 156951.600000, 4, 255611.100000, 4, 4, 6, 2615.400000, 4, 3652.400000, 5, 
23, 19, 10, 14, 22636.750000, 10, 19263.950000, 13, 10, 14, 45.650000, 10, 114.400000, 13, 
6, 8, 2, 2, 5.000000, 2, 4.800000, 2, 2, 2, 18.700000, 2, 13.750000, 2, 
37, 590, 1, 2, 198.300000, 1, 199.800000, 2, 1, 2, 193.000000, 1, 1354.550000, 1, 
30, 338, 2, 4, 115.400000, 2, 4013.550000, 2, 2, 4, 2269.500000, 2, 2156.300000, 2, 
44, 668, 3, 3, 19411.050000, 2, 74590.650000, 2, 3, 3, 8225.450000, 3, 8960.850000, 3, 
50, 1078, 1, 3, 409.950000, 1, 38403.000000, 2, 1, 3, 386.650000, 1, 7474.750000, 1, 
41, 366, 4, 6, 243035.050000, 3, 219239.800000, 4, 4, 6, 3814.000000, 4, 6775.600000, 4, 
6, 14, 1, 1, 6.200000, 1, 6.450000, 1, 1, 1, 6.350000, 1, 6.300000, 1, 
5, 1, 4, 4, 26.500000, 4, 26.350000, 4, 4, 4, 3.600000, 4, 3.450000, 4, 
26, 148, 5, 6, 29279.050000, 3, 34674.700000, 3, 5, 6, 845.550000, 4, 1113.900000, 4, 
42, 778, 1, 2, 279.100000, 1, 282.850000, 2, 1, 2, 277.300000, 1, 1982.000000, 1, 
32, 104, 8, 11, 114462.800000, 7, 73365.850000, 8, 8, 11, 796.050000, 7, 1318.450000, 8, 
6, 6, 3, 3, 47.150000, 3, 34.550000, 3, 3, 3, 17.100000, 3, 12.100000, 3, 
23, 206, 1, 1, 70.050000, 1, 70.050000, 1, 1, 1, 72.600000, 1, 72.300000, 1, 
6, 5, 2, 4, 3.800000, 2, 45.450000, 4, 2, 4, 10.950000, 2, 12.000000, 4, 
47, 729, 2, 4, 271.500000, 2, 149120.450000, 2, 2, 4, 8704.600000, 2, 14891.400000, 2, 
29, 182, 4, 6, 47856.000000, 3, 47684.500000, 3, 4, 6, 1286.100000, 4, 2377.750000, 4, 
35, 448, 2, 4, 150.200000, 2, 7575.650000, 2, 2, 4, 3424.200000, 2, 4622.800000, 2, 
8, 28, 1, 1, 11.400000, 1, 11.200000, 1, 1, 1, 11.250000, 1, 11.100000, 1, 
29, 59, 10, 11, 71709.950000, 9, 51063.300000, 10, 10, 11, 407.900000, 9, 354.950000, 10, 
34, 431, 2, 3, 145.000000, 2, 7205.400000, 2, 2, 3, 4415.100000, 2, 5438.750000, 2, 
11, 3, 9, 9, 821.450000, 9, 824.300000, 9, 9, 9, 11.500000, 9, 11.350000, 9, 
5, 2, 3, 4, 16.900000, 3, 31.150000, 4, 3, 4, 4.250000, 3, 9.650000, 3, 
37, 367, 3, 4, 104578.600000, 3, 40542.800000, 2, 3, 4, 5274.900000, 2, 7249.700000, 2, 
20, 73, 3, 6, 6803.450000, 3, 9113.800000, 4, 3, 6, 310.950000, 3, 563.800000, 4, 
32, 155, 4, 8, 54387.600000, 4, 99896.450000, 4, 4, 8, 800.250000, 4, 1659.650000, 5, 
35, 40, 16, 18, 203579.700000, 15, 131468.450000, 16, 16, 18, 308.900000, 15, 370.250000, 15, 
30, 294, 3, 4, 44597.900000, 2, 12511.300000, 2, 3, 4, 2319.100000, 3, 2104.400000, 3, 
40, 18, 29, 30, 134766.450000, 29, 148941.950000, 29, 29, 30, 100.900000, 29, 116.700000, 29, 
37, 61, 12, 17, 120689.850000, 12, 210282.150000, 12, 12, 17, 274.850000, 12, 881.550000, 12, 
14, 46, 3, 4, 1704.700000, 3, 2282.950000, 3, 3, 4, 166.850000, 3, 169.600000, 4, 
33, 427, 1, 3, 141.900000, 1, 2612.500000, 2, 1, 3, 141.900000, 1, 3731.200000, 1, 
7, 11, 2, 3, 6.000000, 2, 40.600000, 2, 2, 3, 30.800000, 2, 24.600000, 3, 
42, 613, 3, 3, 40183.950000, 2, 99697.350000, 2, 3, 3, 10148.900000, 2, 10913.650000, 2, 
44, 691, 3, 3, 22210.950000, 2, 4638.850000, 2, 3, 3, 9972.250000, 2, 13697.100000, 2, 
39, 671, 1, 3, 239.250000, 1, 25324.650000, 2, 1, 3, 217.700000, 1, 2414.650000, 1, 
7, 17, 1, 2, 7.650000, 1, 7.600000, 2, 1, 2, 7.650000, 1, 24.150000, 1, 
29, 181, 4, 4, 28287.600000, 4, 54646.300000, 3, 4, 4, 1475.400000, 4, 1729.450000, 3, 
12, 16, 4, 4, 763.000000, 4, 964.750000, 4, 4, 4, 51.100000, 4, 33.300000, 4, 
41, 429, 4, 5, 195467.750000, 3, 193752.750000, 3, 4, 5, 4730.300000, 4, 6591.900000, 4, 
17, 128, 1, 3, 44.400000, 1, 1030.850000, 2, 1, 3, 44.550000, 1, 187.400000, 1, 
10, 12, 3, 6, 313.200000, 3, 401.900000, 6, 3, 6, 19.900000, 3, 35.500000, 3, 
20, 184, 1, 1, 62.650000, 1, 62.200000, 1, 1, 1, 62.950000, 1, 62.850000, 1, 
21, 181, 1, 2, 61.700000, 1, 62.650000, 2, 1, 2, 62.300000, 1, 819.700000, 1, 
44, 53, 21, 23, 436620.600000, 19, 726743.850000, 18, 21, 23, 2013.450000, 19, 1618.150000, 20, 
8, 20, 1, 1, 23.950000, 1, 23.950000, 1, 1, 1, 23.950000, 1, 23.950000, 1, 
5, 2, 3, 3, 46.950000, 3, 46.000000, 3, 3, 3, 11.650000, 3, 11.700000, 3, 
13, 24, 3, 5, 2749.750000, 3, 3278.850000, 3, 3, 5, 155.050000, 3, 280.400000, 3, 
11, 2, 9, 9, 2149.000000, 9, 2132.850000, 9, 9, 9, 18.500000, 9, 18.300000, 9, 
32, 6, 26, 26, 86105.150000, 26, 85728.550000, 26, 26, 26, 17.650000, 26, 17.600000, 26, 
9, 26, 1, 3, 10.850000, 1, 112.850000, 2, 1, 3, 10.750000, 1, 91.150000, 1, 
29, 329, 1, 2, 113.400000, 1, 113.050000, 2, 1, 2, 113.950000, 1, 341.500000, 1, 
49, 299, 8, 10, 422382.650000, 7, 451961.800000, 6, 8, 10, 6494.100000, 6, 5933.150000, 7, 
30, 135, 6, 8, 46836.500000, 6, 38708.100000, 7, 6, 8, 839.450000, 6, 1290.650000, 6, 
48, 229, 9, 12, 457441.650000, 7, 469566.400000, 7, 9, 12, 2890.150000, 9, 5764.500000, 7, 
7, 5, 3, 3, 66.000000, 3, 65.700000, 3, 3, 3, 7.000000, 3, 7.000000, 3, 
9, 27, 1, 2, 11.050000, 1, 11.050000, 2, 1, 2, 11.050000, 1, 46.450000, 1, 
43, 151, 10, 10, 207395.450000, 10, 278805.600000, 9, 10, 10, 1365.750000, 10, 2413.500000, 9, 
17, 2, 15, 16, 5226.350000, 15, 5414.550000, 16, 15, 16, 8.900000, 15, 18.000000, 15, 
39, 661, 1, 2, 220.000000, 1, 220.550000, 2, 1, 2, 217.850000, 1, 1082.900000, 1, 
5, 8, 1, 1, 4.350000, 1, 4.200000, 1, 1, 1, 4.500000, 1, 4.350000, 1, 
19, 107, 3, 5, 1931.050000, 2, 2279.250000, 2, 3, 5, 387.150000, 2, 425.650000, 2, 
21, 110, 2, 4, 40.350000, 2, 7923.550000, 2, 2, 4, 318.400000, 2, 522.050000, 2, 
49, 213, 11, 14, 513911.750000, 10, 559209.050000, 9, 11, 14, 2457.300000, 11, 3795.900000, 10, 
46, 12, 37, 37, 249480.950000, 37, 249833.400000, 37, 37, 37, 55.850000, 37, 55.700000, 37, 
28, 247, 2, 3, 84.850000, 2, 3336.550000, 2, 2, 3, 1512.150000, 2, 1603.300000, 3, 
47, 904, 2, 2, 327.050000, 2, 326.350000, 2, 2, 2, 12390.650000, 2, 11720.250000, 2, 
50, 390, 5, 8, 379579.450000, 5, 440465.450000, 5, 5, 8, 4222.700000, 5, 6579.800000, 6, 
47, 589, 4, 6, 177675.500000, 4, 359936.200000, 3, 4, 6, 8416.750000, 4, 10856.750000, 3, 
30, 432, 1, 1, 142.400000, 1, 141.500000, 1, 1, 1, 141.950000, 1, 141.300000, 1, 
39, 616, 1, 3, 201.650000, 1, 5056.450000, 2, 1, 3, 200.700000, 1, 1211.700000, 1, 
6, 5, 2, 4, 3.500000, 2, 48.300000, 4, 2, 4, 6.550000, 2, 15.700000, 2, 
45, 45, 17, 25, 341849.300000, 17, 965605.950000, 21, 17, 25, 235.300000, 17, 553.300000, 18, 
5, 1, 4, 4, 26.800000, 4, 26.600000, 4, 4, 4, 3.550000, 4, 3.600000, 4, 
30, 5, 25, 26, 43766.600000, 25, 58479.600000, 25, 25, 26, 15.750000, 25, 31.600000, 25, 
15, 93, 1, 2, 32.800000, 1, 33.050000, 2, 1, 2, 32.900000, 1, 134.450000, 1, 
41, 105, 9, 14, 140299.050000, 9, 420240.650000, 9, 9, 14, 834.850000, 9, 1217.900000, 10, 
16, 94, 2, 2, 34.450000, 2, 33.650000, 2, 2, 2, 450.400000, 2, 379.550000, 2, 
30, 0, 30, 30, 46390.800000, 30, 46393.200000, 30, 30, 30, 11.650000, 30, 11.700000, 30, 
23, 118, 5, 5, 22185.400000, 4, 13648.500000, 4, 5, 5, 1079.850000, 4, 991.350000, 4, 
25, 36, 9, 11, 15504.450000, 9, 20856.100000, 9, 9, 11, 192.650000, 9, 261.800000, 9, 
49, 363, 5, 7, 265463.650000, 5, 446758.750000, 5, 5, 7, 3962.700000, 5, 4530.750000, 7, 
5, 4, 2, 3, 3.100000, 2, 22.750000, 2, 2, 3, 9.600000, 2, 9.600000, 3, 
4, 5, 1, 2, 3.200000, 1, 3.400000, 2, 1, 2, 3.100000, 1, 10.350000, 1, 
38, 271, 5, 7, 65997.150000, 5, 194244.550000, 4, 5, 7, 2607.000000, 5, 3359.450000, 5, 
24, 44, 8, 9, 19606.700000, 8, 26249.400000, 8, 8, 9, 178.450000, 8, 156.550000, 9, 
17, 12, 10, 10, 6025.750000, 9, 5979.500000, 9, 10, 10, 33.300000, 10, 32.900000, 10, 
49, 760, 3, 5, 456834.250000, 3, 481842.050000, 3, 3, 5, 15335.850000, 3, 13836.100000, 3, 
24, 138, 4, 5, 18399.550000, 3, 22270.450000, 3, 4, 5, 1333.650000, 3, 935.750000, 4, 
41, 622, 1, 3, 203.150000, 1, 6885.700000, 2, 1, 3, 202.850000, 1, 5736.100000, 1, 
16, 89, 1, 2, 32.000000, 1, 32.100000, 2, 1, 2, 32.050000, 1, 194.750000, 1, 
4, 1, 3, 3, 8.950000, 3, 8.850000, 3, 3, 3, 3.500000, 3, 3.000000, 3, 
44, 164, 10, 14, 483664.250000, 8, 219063.300000, 11, 10, 14, 2882.550000, 9, 2276.900000, 10, 
26, 323, 1, 1, 106.450000, 1, 106.400000, 1, 1, 1, 107.700000, 1, 106.800000, 1, 
27, 98, 6, 7, 85942.650000, 5, 42237.750000, 6, 6, 7, 2551.850000, 4, 2955.750000, 4, 
44, 913, 1, 1, 901.450000, 1, 901.500000, 1, 1, 1, 899.850000, 1, 898.550000, 1, 
37, 38, 18, 19, 142219.350000, 18, 120282.250000, 18, 18, 19, 165.150000, 18, 264.100000, 18, 
36, 405, 3, 3, 36311.850000, 2, 1805.550000, 2, 3, 3, 3796.350000, 2, 3385.150000, 2, 
13, 3, 10, 10, 1380.900000, 10, 1391.100000, 10, 10, 10, 8.100000, 10, 8.100000, 10, 
20, 53, 4, 7, 6945.550000, 4, 7683.500000, 5, 4, 7, 195.250000, 4, 394.950000, 5, 
12, 64, 1, 2, 23.400000, 1, 23.500000, 2, 1, 2, 23.200000, 1, 71.600000, 1, 
29, 287, 2, 3, 96.950000, 2, 3255.650000, 2, 2, 3, 1734.950000, 2, 2324.600000, 3, 
42, 615, 2, 3, 224.450000, 2, 40307.150000, 2, 2, 3, 7069.100000, 2, 8035.100000, 3, 
39, 552, 3, 3, 6771.700000, 2, 41709.900000, 2, 3, 3, 6362.500000, 3, 5251.450000, 2, 
12, 21, 4, 4, 874.700000, 4, 870.600000, 4, 4, 4, 72.250000, 4, 51.800000, 4, 
28, 266, 2, 3, 90.150000, 2, 4905.300000, 2, 2, 3, 1995.600000, 2, 1993.300000, 2, 
22, 194, 1, 2, 65.650000, 1, 66.150000, 2, 1, 2, 66.000000, 1, 1151.250000, 1, 
16, 29, 5, 7, 2534.850000, 5, 3465.250000, 5, 5, 7, 109.000000, 5, 149.500000, 5, 
21, 132, 2, 4, 47.100000, 2, 1424.500000, 2, 2, 4, 562.100000, 2, 901.200000, 3, 
37, 375, 3, 5, 106282.800000, 3, 129266.550000, 3, 3, 5, 10028.500000, 3, 12797.450000, 3, 
27, 155, 3, 5, 44994.200000, 3, 91334.650000, 3, 3, 5, 824.850000, 3, 993.850000, 3, 
15, 87, 1, 3, 31.150000, 1, 539.750000, 2, 1, 3, 31.200000, 1, 96.250000, 1, 
45, 260, 8, 10, 286198.550000, 7, 570580.750000, 5, 8, 10, 3215.900000, 8, 6145.600000, 7, 
18, 121, 1, 1, 42.300000, 1, 42.000000, 1, 1, 1, 42.100000, 1, 42.250000, 1, 
31, 437, 1, 2, 144.650000, 1, 144.200000, 2, 1, 2, 144.100000, 1, 724.400000, 1, 
34, 462, 1, 3, 152.000000, 1, 2965.750000, 2, 1, 3, 152.400000, 1, 2899.900000, 1, 
48, 589, 4, 5, 490405.000000, 3, 597433.500000, 3, 4, 5, 8019.300000, 3, 14760.650000, 3, 
8, 24, 1, 2, 10.100000, 1, 10.200000, 2, 1, 2, 9.950000, 1, 31.350000, 1, 
18, 89, 2, 4, 33.850000, 2, 2153.500000, 2, 2, 4, 294.650000, 2, 560.500000, 3, 
5, 4, 2, 2, 3.200000, 2, 3.050000, 2, 2, 2, 9.150000, 2, 9.000000, 2, 
39, 584, 1, 2, 193.700000, 1, 194.100000, 2, 1, 2, 193.550000, 1, 5202.650000, 1, 
13, 71, 1, 2, 25.500000, 1, 25.750000, 2, 1, 2, 25.850000, 1, 107.450000, 1, 
13, 10, 8, 8, 1226.650000, 8, 1463.500000, 8, 8, 8, 35.000000, 8, 20.250000, 8, 
47, 566, 4, 6, 385090.700000, 3, 271038.000000, 4, 4, 6, 10054.250000, 3, 8170.150000, 3, 
30, 135, 6, 7, 49869.550000, 5, 59213.250000, 5, 6, 7, 1141.000000, 5, 1332.850000, 6, 
19, 86, 3, 5, 6228.200000, 3, 8688.800000, 3, 3, 5, 391.650000, 3, 552.650000, 3, 
9, 2, 7, 7, 375.800000, 7, 377.850000, 7, 7, 7, 6.000000, 7, 6.000000, 7, 
38, 496, 2, 4, 381.900000, 2, 30898.700000, 2, 2, 4, 11791.800000, 2, 20422.400000, 2, 
15, 27, 3, 5, 4528.650000, 3, 5349.850000, 5, 3, 5, 172.200000, 3, 314.550000, 3, 
48, 21, 32, 35, 521919.550000, 31, 417637.350000, 33, 32, 35, 140.200000, 31, 209.050000, 31, 
4, 2, 2, 2, 2.100000, 2, 2.100000, 2, 2, 2, 3.700000, 2, 3.650000, 2, 
26, 68, 5, 7, 26947.000000, 5, 53730.050000, 5, 5, 7, 250.350000, 5, 307.200000, 7, 
20, 22, 9, 11, 9912.900000, 9, 16319.850000, 10, 9, 11, 72.500000, 9, 73.050000, 10, 
44, 724, 2, 3, 271.800000, 2, 3179.100000, 2, 2, 3, 9985.900000, 2, 8111.500000, 2, 
12, 49, 1, 2, 18.600000, 1, 18.800000, 2, 1, 2, 18.600000, 1, 114.750000, 1, 
23, 216, 1, 3, 73.050000, 1, 2093.450000, 2, 1, 3, 73.200000, 1, 1261.350000, 1, 
30, 168, 4, 6, 38583.600000, 4, 54922.850000, 4, 4, 6, 1131.900000, 4, 1251.950000, 5, 
24, 134, 4, 5, 34097.800000, 3, 24117.950000, 3, 4, 5, 2550.350000, 3, 3775.300000, 3, 
50, 1162, 1, 2, 1129.650000, 1, 1131.600000, 2, 1, 2, 1144.100000, 1, 8114.200000, 1, 
31, 113, 8, 9, 129084.300000, 7, 124701.950000, 6, 8, 9, 1066.450000, 7, 1415.000000, 6, 
50, 318, 7, 9, 509695.150000, 6, 605828.100000, 7, 7, 9, 4267.250000, 7, 4525.400000, 7, 
18, 3, 15, 15, 5457.500000, 15, 5468.300000, 15, 15, 15, 9.950000, 15, 10.000000, 15, 
43, 896, 1, 1, 328.350000, 1, 327.400000, 1, 1, 1, 326.300000, 1, 325.900000, 1, 
17, 44, 4, 6, 3795.050000, 4, 6155.350000, 4, 4, 6, 167.100000, 4, 261.050000, 4, 
21, 162, 1, 4, 55.600000, 1, 1605.650000, 2, 1, 4, 55.350000, 1, 1015.200000, 1, 
42, 63, 17, 20, 266683.850000, 16, 627211.000000, 16, 17, 20, 517.900000, 17, 777.950000, 16, 
29, 175, 3, 5, 33214.800000, 3, 42247.100000, 4, 3, 5, 796.700000, 3, 1477.300000, 3, 
11, 44, 1, 4, 16.800000, 1, 194.800000, 4, 1, 4, 16.650000, 1, 93.200000, 1, 
22, 185, 1, 3, 63.350000, 1, 529.350000, 2, 1, 3, 63.000000, 1, 834.400000, 1, 
42, 107, 11, 13, 232520.350000, 11, 322318.650000, 11, 11, 13, 866.000000, 11, 2364.150000, 9, 
14, 88, 1, 2, 31.200000, 1, 31.550000, 2, 1, 2, 31.150000, 1, 96.050000, 1, 
39, 291, 5, 7, 193990.300000, 4, 223417.900000, 4, 5, 7, 2706.100000, 5, 2513.150000, 5, 
11, 17, 4, 4, 596.250000, 4, 599.800000, 4, 4, 4, 62.800000, 4, 35.350000, 4, 
41, 194, 7, 12, 206136.800000, 6, 204108.250000, 7, 7, 12, 2575.750000, 6, 1885.850000, 10, 
25, 40, 9, 11, 35603.500000, 8, 27539.700000, 8, 9, 11, 168.250000, 9, 577.100000, 8, 
16, 34, 3, 6, 2292.950000, 3, 2835.200000, 6, 3, 6, 106.400000, 3, 336.150000, 3, 
21, 181, 1, 3, 62.250000, 1, 1698.000000, 2, 1, 3, 62.250000, 1, 251.400000, 1, 
15, 44, 4, 4, 2334.450000, 3, 2374.900000, 3, 4, 4, 183.000000, 4, 182.500000, 4, 
38, 358, 3, 5, 141666.550000, 3, 151658.800000, 3, 3, 5, 6415.300000, 3, 9513.300000, 4, 
39, 507, 2, 3, 168.000000, 2, 25405.600000, 2, 2, 3, 3844.850000, 2, 4015.050000, 2, 
19, 28, 5, 7, 5803.700000, 5, 7904.800000, 5, 5, 7, 96.250000, 5, 191.600000, 5, 
37, 225, 4, 8, 79235.000000, 4, 161004.450000, 4, 4, 8, 1893.050000, 4, 5220.800000, 5, 
14, 8, 9, 9, 2460.600000, 9, 2463.850000, 9, 9, 9, 25.150000, 9, 25.300000, 9, 
36, 615, 1, 1, 203.100000, 1, 201.550000, 1, 1, 1, 202.350000, 1, 202.900000, 1, 
24, 115, 5, 5, 20886.150000, 3, 15689.200000, 4, 5, 5, 848.250000, 4, 634.600000, 5, 
37, 542, 2, 3, 180.150000, 2, 10966.600000, 2, 2, 3, 5724.650000, 2, 6092.400000, 2, 
23, 40, 6, 10, 28649.000000, 5, 32869.950000, 5, 6, 10, 236.800000, 5, 367.900000, 6, 
37, 353, 3, 5, 130526.850000, 3, 221592.850000, 3, 3, 5, 2613.000000, 3, 4984.800000, 3, 
23, 224, 1, 2, 74.750000, 1, 75.550000, 2, 1, 2, 75.350000, 1, 614.800000, 1, 
37, 353, 3, 4, 140556.600000, 3, 143489.050000, 3, 3, 4, 2594.150000, 3, 3084.500000, 4, 
32, 401, 1, 3, 133.700000, 1, 832.700000, 2, 1, 3, 132.250000, 1, 934.500000, 1, 
29, 362, 1, 3, 119.900000, 1, 1468.000000, 2, 1, 3, 119.550000, 1, 607.000000, 1, 
37, 496, 2, 4, 165.100000, 2, 9292.150000, 2, 2, 4, 3743.100000, 2, 3586.150000, 2, 
5, 3, 3, 3, 19.700000, 3, 14.900000, 3, 3, 3, 8.050000, 3, 5.050000, 3, 
37, 658, 1, 1, 213.700000, 1, 213.050000, 1, 1, 1, 213.750000, 1, 212.900000, 1, 
39, 733, 1, 1, 237.450000, 1, 237.700000, 1, 1, 1, 236.950000, 1, 236.850000, 1, 
16, 36, 4, 6, 2879.600000, 4, 2721.750000, 6, 4, 6, 111.300000, 4, 158.750000, 5, 
40, 554, 2, 4, 184.000000, 2, 34330.950000, 2, 2, 4, 4168.550000, 2, 6007.950000, 3, 
30, 13, 20, 22, 38902.450000, 20, 80434.600000, 20, 20, 22, 53.500000, 20, 85.300000, 20, 
6, 6, 2, 3, 3.950000, 2, 28.350000, 2, 2, 3, 11.800000, 2, 15.750000, 2, 
31, 462, 1, 1, 153.400000, 1, 152.450000, 1, 1, 1, 152.900000, 1, 154.600000, 1, 
30, 0, 30, 30, 47166.550000, 30, 47161.050000, 30, 30, 30, 11.600000, 30, 11.650000, 30, 
43, 249, 6, 7, 238488.950000, 6, 483373.950000, 6, 6, 7, 2357.600000, 6, 2173.850000, 7, 
39, 350, 4, 5, 258972.900000, 3, 252976.550000, 3, 4, 5, 3190.000000, 4, 5312.200000, 4, 
12, 43, 2, 3, 17.100000, 2, 180.350000, 2, 2, 3, 157.700000, 2, 176.300000, 2, 
34, 472, 1, 2, 157.100000, 1, 157.450000, 2, 1, 2, 156.150000, 1, 1566.850000, 1, 
22, 14, 12, 14, 18157.200000, 12, 13724.300000, 14, 12, 14, 29.400000, 12, 30.350000, 14, 
42, 166, 9, 12, 315826.650000, 8, 384034.650000, 9, 9, 12, 2933.550000, 8, 1972.650000, 11, 
29, 365, 1, 2, 121.500000, 1, 121.700000, 2, 1, 2, 120.900000, 1, 1462.900000, 1, 
49, 1048, 1, 2, 374.300000, 1, 373.600000, 2, 1, 2, 380.750000, 1, 2278.350000, 1, 
30, 245, 3, 4, 44681.300000, 3, 50658.800000, 3, 3, 4, 1860.500000, 3, 2281.000000, 3, 
46, 427, 3, 6, 274685.350000, 3, 354987.700000, 5, 3, 6, 3651.000000, 3, 5104.800000, 6, 
44, 173, 10, 12, 289968.400000, 10, 337653.450000, 8, 10, 12, 1589.600000, 10, 3696.650000, 10, 
26, 263, 1, 3, 88.000000, 1, 7578.300000, 2, 1, 3, 87.800000, 1, 1156.900000, 1, 
19, 27, 8, 11, 12396.550000, 7, 16968.600000, 7, 8, 11, 189.350000, 6, 269.650000, 6, 
39, 287, 4, 4, 137543.100000, 4, 180749.300000, 4, 4, 4, 2673.300000, 4, 1883.650000, 4, 
31, 272, 3, 5, 51938.100000, 3, 55046.200000, 3, 3, 5, 2134.400000, 3, 2511.700000, 3, 
12, 15, 4, 6, 957.100000, 4, 1184.450000, 5, 4, 6, 33.600000, 4, 52.550000, 6, 
38, 418, 4, 4, 123569.000000, 3, 137552.300000, 3, 4, 4, 4460.400000, 4, 3888.200000, 4, 
14, 33, 3, 4, 1485.950000, 3, 1723.850000, 4, 3, 4, 101.900000, 3, 115.400000, 4, 
25, 92, 6, 7, 21924.000000, 5, 28455.200000, 5, 6, 7, 603.650000, 6, 701.250000, 5, 
21, 136, 2, 4, 48.000000, 2, 3230.600000, 2, 2, 4, 528.800000, 2, 1072.850000, 2, 
25, 81, 6, 8, 14083.000000, 6, 18288.700000, 6, 6, 8, 508.150000, 6, 887.250000, 6, 
13, 7, 7, 9, 1538.050000, 7, 1299.700000, 9, 7, 9, 16.650000, 7, 35.150000, 7, 
20, 178, 1, 1, 60.350000, 1, 60.300000, 1, 1, 1, 61.150000, 1, 60.600000, 1, 
43, 867, 1, 2, 313.300000, 1, 315.300000, 2, 1, 2, 312.850000, 1, 928.750000, 1, 
6, 12, 1, 2, 5.800000, 1, 5.900000, 2, 1, 2, 5.850000, 1, 18.850000, 1, 
30, 21, 14, 21, 98813.450000, 14, 202795.050000, 16, 14, 21, 72.700000, 14, 836.950000, 16, 
17, 54, 4, 4, 9118.450000, 3, 13485.700000, 3, 4, 4, 195.650000, 4, 302.150000, 3, 
15, 25, 5, 7, 2670.450000, 5, 3321.950000, 5, 5, 7, 72.300000, 5, 132.550000, 5, 
19, 4, 15, 15, 6307.050000, 15, 6313.750000, 15, 15, 15, 10.900000, 15, 10.600000, 15, 
22, 168, 1, 3, 58.200000, 1, 4071.500000, 2, 1, 3, 57.400000, 1, 294.050000, 1, 
20, 14, 11, 13, 8197.750000, 11, 16008.300000, 11, 11, 13, 46.250000, 11, 110.900000, 11, 
18, 104, 2, 3, 37.950000, 2, 512.300000, 2, 2, 3, 414.650000, 2, 491.000000, 3, 
11, 21, 4, 4, 1099.650000, 3, 1122.200000, 3, 4, 4, 90.100000, 3, 89.050000, 3, 
40, 569, 3, 3, 30143.500000, 2, 1897.600000, 2, 3, 3, 6945.800000, 3, 5970.850000, 2, 
41, 736, 1, 3, 243.200000, 1, 5515.900000, 2, 1, 3, 241.350000, 1, 1924.100000, 1, 
40, 456, 3, 3, 188280.350000, 3, 185534.000000, 3, 3, 3, 4588.100000, 3, 3664.000000, 3, 
37, 12, 27, 28, 102352.600000, 27, 129807.650000, 27, 27, 28, 35.650000, 27, 58.000000, 27, 
4, 0, 4, 4, 20.250000, 4, 20.400000, 4, 4, 4, 2.450000, 4, 2.450000, 4, 
32, 2, 30, 30, 56158.800000, 30, 56150.150000, 30, 30, 30, 14.350000, 30, 14.200000, 30, 
18, 50, 4, 5, 4378.150000, 4, 3320.450000, 5, 4, 5, 186.150000, 4, 351.200000, 4, 
6, 7, 2, 2, 4.450000, 2, 4.300000, 2, 2, 2, 8.000000, 2, 7.750000, 2, 
36, 393, 2, 4, 132.600000, 2, 68524.400000, 2, 2, 4, 2767.650000, 2, 5034.850000, 3, 
49, 254, 9, 11, 353947.550000, 8, 503657.900000, 8, 9, 11, 3536.850000, 9, 4669.350000, 9, 
5, 6, 2, 2, 3.800000, 2, 3.700000, 2, 2, 2, 15.750000, 2, 11.050000, 2, 
44, 575, 3, 4, 9946.400000, 2, 186988.450000, 2, 3, 4, 7552.650000, 3, 7430.650000, 4, 
45, 232, 8, 12, 542080.700000, 7, 273726.850000, 8, 8, 12, 2469.300000, 8, 3585.200000, 8, 
16, 116, 1, 1, 40.500000, 1, 40.300000, 1, 1, 1, 40.450000, 1, 40.300000, 1, 
11, 13, 4, 6, 497.300000, 4, 1069.500000, 4, 4, 6, 37.100000, 4, 52.950000, 4, 
49, 328, 7, 8, 638842.650000, 6, 461169.150000, 6, 7, 8, 4373.250000, 7, 7645.550000, 5, 
26, 264, 1, 2, 89.050000, 1, 89.200000, 2, 1, 2, 89.300000, 1, 538.000000, 1, 
29, 134, 4, 8, 38353.900000, 4, 49630.350000, 4, 4, 8, 781.450000, 4, 1529.650000, 4, 
7, 3, 5, 5, 110.300000, 5, 93.000000, 5, 5, 5, 9.550000, 5, 5.900000, 5, 
20, 41, 7, 8, 5438.150000, 7, 9213.550000, 7, 7, 8, 183.700000, 7, 215.900000, 7, 
8, 25, 1, 2, 10.300000, 1, 10.600000, 2, 1, 2, 10.150000, 1, 32.600000, 1, 
11, 17, 3, 6, 516.650000, 3, 748.550000, 3, 3, 6, 53.950000, 3, 88.750000, 3, 
45, 410, 4, 6, 266363.850000, 4, 408474.300000, 4, 4, 6, 4099.050000, 4, 5670.250000, 4, 
50, 470, 4, 7, 328396.050000, 4, 454568.100000, 5, 4, 7, 15305.150000, 4, 30224.500000, 5, 
10, 16, 3, 4, 1008.550000, 3, 1148.200000, 3, 3, 4, 113.800000, 3, 181.400000, 3, 
32, 458, 1, 2, 415.400000, 1, 417.300000, 2, 1, 2, 412.050000, 1, 1247.150000, 1, 
28, 175, 3, 5, 42480.500000, 3, 53819.650000, 3, 3, 5, 861.600000, 3, 1174.950000, 4, 
4, 3, 1, 3, 2.600000, 1, 12.350000, 3, 1, 3, 2.550000, 1, 9.100000, 1, 
19, 142, 1, 2, 49.700000, 1, 49.750000, 2, 1, 2, 51.500000, 1, 262.150000, 1, 
39, 460, 3, 4, 138096.350000, 3, 15653.150000, 2, 3, 4, 7871.550000, 2, 7151.300000, 3, 
41, 364, 6, 5, 348399.100000, 3, 183594.600000, 4, 6, 5, 3564.800000, 6, 4041.650000, 4, 
24, 216, 1, 3, 73.750000, 1, 758.900000, 2, 1, 3, 73.900000, 1, 674.900000, 1, 
15, 90, 1, 2, 32.550000, 1, 32.800000, 2, 1, 2, 32.600000, 1, 99.350000, 1, 
35, 568, 1, 4, 184.700000, 1, 26664.750000, 2, 1, 4, 185.300000, 1, 564.750000, 1, 
10, 25, 2, 3, 11.000000, 2, 340.100000, 2, 2, 3, 33.300000, 2, 81.200000, 2, 
48, 58, 20, 27, 549740.150000, 20, 746316.800000, 20, 20, 27, 313.950000, 20, 725.600000, 23, 
33, 514, 1, 1, 170.700000, 1, 171.200000, 1, 1, 1, 171.100000, 1, 170.250000, 1, 
5, 6, 2, 2, 3.800000, 2, 3.750000, 2, 2, 2, 11.450000, 2, 11.350000, 2, 
37, 70, 11, 13, 173850.350000, 10, 181670.450000, 10, 11, 13, 359.800000, 10, 568.150000, 12, 
36, 193, 6, 6, 46512.050000, 6, 184701.400000, 5, 6, 6, 2455.550000, 5, 2519.950000, 5, 
27, 302, 1, 3, 102.050000, 1, 1433.050000, 2, 1, 3, 100.650000, 1, 1551.150000, 1, 
31, 179, 4, 6, 136622.000000, 3, 66964.850000, 5, 4, 6, 1136.750000, 4, 1262.100000, 6, 
10, 1, 9, 9, 595.500000, 9, 598.100000, 9, 9, 9, 5.950000, 9, 5.800000, 9, 
25, 254, 1, 2, 86.150000, 1, 86.600000, 2, 1, 2, 85.350000, 1, 519.350000, 1, 
23, 86, 5, 6, 16227.650000, 4, 16098.550000, 4, 5, 6, 557.450000, 4, 493.300000, 5, 
38, 546, 1, 3, 182.650000, 1, 3261.100000, 2, 1, 3, 180.650000, 1, 7053.400000, 1, 
31, 447, 1, 1, 149.000000, 1, 148.000000, 1, 1, 1, 149.000000, 1, 148.350000, 1, 
10, 27, 3, 3, 76.250000, 2, 170.650000, 2, 3, 3, 70.350000, 2, 57.700000, 2, 
18, 144, 1, 2, 49.850000, 1, 50.000000, 2, 1, 2, 50.100000, 1, 153.400000, 1, 
19, 142, 1, 2, 50.450000, 1, 50.150000, 2, 1, 2, 49.150000, 1, 155.000000, 1, 
47, 315, 7, 8, 490076.750000, 6, 537309.350000, 6, 7, 8, 7953.300000, 7, 7477.250000, 7, 
8, 7, 5, 5, 625.200000, 4, 615.550000, 4, 5, 5, 81.750000, 4, 82.450000, 4, 
40, 151, 10, 12, 441955.750000, 7, 376295.800000, 7, 10, 12, 2981.700000, 8, 2650.100000, 9, 
42, 635, 2, 4, 231.350000, 2, 5161.950000, 2, 2, 4, 5645.750000, 2, 13129.000000, 2, 
46, 664, 3, 3, 343587.650000, 3, 370620.700000, 3, 3, 3, 22621.700000, 3, 24535.400000, 3, 
33, 292, 3, 4, 71304.200000, 3, 80388.850000, 3, 3, 4, 2447.050000, 3, 3843.400000, 3, 
5, 2, 3, 3, 17.200000, 3, 16.950000, 3, 3, 3, 4.200000, 3, 4.150000, 3, 
12, 28, 2, 4, 12.750000, 2, 602.450000, 2, 2, 4, 61.300000, 2, 137.650000, 2, 
11, 32, 3, 3, 228.450000, 2, 268.800000, 2, 3, 3, 110.150000, 2, 94.600000, 2, 
12, 5, 8, 10, 1148.850000, 8, 1317.800000, 10, 8, 10, 14.200000, 8, 34.050000, 8, 
34, 71, 11, 13, 193478.050000, 9, 108577.700000, 10, 11, 13, 684.600000, 9, 689.050000, 11, 
7, 2, 5, 5, 97.300000, 5, 97.850000, 5, 5, 5, 5.100000, 5, 5.000000, 5, 
14, 59, 2, 2, 22.600000, 2, 22.550000, 2, 2, 2, 255.150000, 2, 158.400000, 2, 
18, 124, 1, 1, 43.150000, 1, 42.950000, 1, 1, 1, 43.150000, 1, 42.950000, 1, 
44, 823, 1, 3, 304.950000, 1, 4194.800000, 2, 1, 3, 297.050000, 1, 5432.800000, 1, 
16, 64, 2, 3, 24.600000, 2, 1696.650000, 2, 2, 3, 120.600000, 2, 219.150000, 2, 
16, 84, 1, 4, 30.500000, 1, 780.300000, 2, 1, 4, 30.450000, 1, 94.750000, 1, 
39, 375, 4, 5, 183154.750000, 3, 210427.450000, 3, 4, 5, 3802.750000, 4, 6079.150000, 4, 
37, 478, 2, 3, 161.450000, 2, 3579.850000, 2, 2, 3, 2721.100000, 2, 4956.900000, 2, 
21, 106, 2, 4, 39.200000, 2, 2771.100000, 2, 2, 4, 348.050000, 2, 620.250000, 3, 
27, 323, 1, 1, 107.800000, 1, 107.300000, 1, 1, 1, 107.450000, 1, 107.250000, 1, 
43, 44, 21, 24, 410248.650000, 19, 797420.650000, 19, 21, 24, 482.950000, 20, 665.700000, 18, 
42, 103, 13, 16, 203731.250000, 13, 378030.950000, 12, 13, 16, 841.000000, 13, 2668.350000, 13, 
7, 10, 3, 3, 93.650000, 3, 38.150000, 2, 3, 3, 47.050000, 2, 22.950000, 3, 
48, 833, 2, 3, 307.700000, 2, 4879.600000, 2, 2, 3, 11750.500000, 2, 11107.900000, 3, 
44, 476, 4, 5, 176526.450000, 4, 297300.350000, 3, 4, 5, 5422.450000, 4, 6657.950000, 4, 
5, 1, 4, 4, 26.450000, 4, 26.300000, 4, 4, 4, 3.500000, 4, 3.450000, 4, 
35, 485, 2, 3, 160.250000, 2, 17205.050000, 2, 2, 3, 4334.000000, 2, 3689.600000, 2, 
50, 763, 4, 4, 500097.900000, 3, 491294.850000, 3, 4, 4, 11254.300000, 4, 10174.600000, 4, 
18, 153, 1, 1, 51.950000, 1, 51.750000, 1, 1, 1, 52.300000, 1, 52.100000, 1, 
5, 3, 2, 2, 2.750000, 2, 2.650000, 2, 2, 2, 5.000000, 2, 4.800000, 2, 
29, 155, 5, 5, 53834.500000, 4, 59028.850000, 4, 5, 5, 1163.800000, 4, 1162.800000, 4, 
5, 5, 2, 3, 3.550000, 2, 24.600000, 2, 2, 3, 14.150000, 2, 13.550000, 2, 
24, 273, 1, 1, 91.800000, 1, 91.600000, 1, 1, 1, 91.950000, 1, 91.800000, 1, 
14, 74, 1, 3, 28.750000, 1, 352.100000, 2, 1, 3, 27.550000, 1, 83.000000, 1, 
39, 187, 7, 8, 153044.650000, 6, 170332.750000, 7, 7, 8, 2620.400000, 6, 3296.800000, 6, 
39, 714, 1, 3, 235.650000, 1, 8966.500000, 2, 1, 3, 234.200000, 1, 700.550000, 1, 
28, 132, 4, 6, 33401.300000, 4, 16959.200000, 6, 4, 6, 720.700000, 4, 922.500000, 6, 
47, 887, 1, 2, 319.050000, 1, 318.700000, 2, 1, 2, 317.150000, 1, 1276.250000, 1, 
6, 1, 5, 5, 64.350000, 5, 64.550000, 5, 5, 5, 4.300000, 5, 3.950000, 5, 
21, 193, 1, 2, 66.800000, 1, 67.400000, 2, 1, 2, 67.300000, 1, 279.550000, 1, 
46, 311, 6, 8, 184535.200000, 6, 395963.950000, 6, 6, 8, 4015.850000, 6, 4748.200000, 6, 
4, 3, 2, 2, 2.700000, 2, 2.650000, 2, 2, 2, 4.650000, 2, 4.650000, 2, 
45, 724, 3, 3, 4269.550000, 2, 20667.900000, 2, 3, 3, 14274.250000, 2, 10437.450000, 2, 
5, 9, 1, 2, 4.650000, 1, 4.950000, 2, 1, 2, 4.600000, 1, 15.300000, 1, 
47, 982, 1, 3, 966.100000, 1, 43604.200000, 2, 1, 3, 969.750000, 1, 4899.950000, 1, 
10, 12, 3, 5, 898.300000, 3, 1053.000000, 5, 3, 5, 75.650000, 3, 78.150000, 5, 
46, 737, 3, 3, 88234.150000, 2, 194672.500000, 2, 3, 3, 10855.200000, 3, 10945.450000, 3, 
10, 10, 5, 6, 331.550000, 5, 521.150000, 5, 5, 6, 38.750000, 5, 37.650000, 5, 
4, 3, 2, 2, 2.450000, 2, 2.500000, 2, 2, 2, 4.500000, 2, 4.500000, 2, 
42, 464, 3, 4, 222059.350000, 3, 272933.400000, 3, 3, 4, 4914.500000, 3, 4931.900000, 4, 
48, 107, 13, 16, 367375.750000, 13, 1218873.400000, 14, 13, 16, 982.550000, 13, 2311.900000, 12, 
9, 10, 4, 6, 302.850000, 4, 300.900000, 6, 4, 6, 19.050000, 4, 32.550000, 4, 
46, 150, 12, 12, 472766.750000, 9, 334965.100000, 9, 12, 12, 3302.250000, 9, 4007.000000, 10, 
18, 72, 2, 6, 27.200000, 2, 7249.700000, 3, 2, 6, 272.750000, 2, 609.100000, 3, 
23, 18, 13, 15, 15935.800000, 13, 19730.850000, 13, 13, 15, 67.000000, 13, 89.000000, 13, 
19, 155, 1, 2, 52.800000, 1, 53.500000, 2, 1, 2, 53.600000, 1, 163.750000, 1, 
39, 239, 4, 8, 198165.950000, 4, 322528.450000, 5, 4, 8, 828.000000, 4, 1757.600000, 6, 
24, 246, 1, 3, 83.050000, 1, 1505.550000, 2, 1, 3, 82.500000, 1, 335.600000, 1, 
31, 168, 5, 5, 42637.100000, 5, 76434.750000, 4, 5, 5, 1192.750000, 5, 1255.650000, 5, 
26, 226, 2, 4, 77.150000, 2, 4741.100000, 2, 2, 4, 1306.350000, 2, 2153.200000, 2, 
14, 72, 1, 2, 26.100000, 1, 26.350000, 2, 1, 2, 26.200000, 1, 160.950000, 1, 
36, 116, 8, 10, 124595.250000, 8, 206940.750000, 8, 8, 10, 667.300000, 8, 1376.450000, 9, 
46, 793, 3, 2, 8960.600000, 2, 338.500000, 2, 3, 2, 11396.700000, 3, 10241.750000, 2, 
16, 25, 7, 7, 3382.350000, 7, 5924.350000, 6, 7, 7, 88.600000, 7, 86.150000, 7, 
18, 23, 7, 10, 13273.200000, 6, 12959.000000, 6, 7, 10, 71.600000, 7, 132.600000, 7, 
28, 131, 5, 8, 22602.850000, 5, 46024.400000, 5, 5, 8, 922.350000, 5, 1452.550000, 5, 
19, 66, 3, 5, 5643.050000, 3, 6677.400000, 4, 3, 5, 284.200000, 3, 306.850000, 4, 
25, 78, 4, 6, 18913.750000, 4, 21463.250000, 6, 4, 6, 273.850000, 4, 305.050000, 6, 
42, 627, 3, 5, 5678.600000, 2, 52007.700000, 2, 3, 5, 9124.700000, 3, 10543.600000, 3, 
21, 92, 2, 4, 34.450000, 2, 8504.800000, 4, 2, 4, 339.100000, 2, 408.450000, 2, 
42, 470, 3, 5, 224843.900000, 3, 282974.500000, 3, 3, 5, 5249.650000, 3, 5240.750000, 3, 
5, 3, 3, 3, 19.950000, 3, 20.050000, 3, 3, 3, 8.300000, 3, 8.100000, 3, 
41, 692, 2, 3, 229.000000, 2, 6893.400000, 2, 2, 3, 7863.800000, 2, 8539.200000, 2, 
23, 46, 8, 9, 26592.200000, 7, 27533.600000, 7, 8, 9, 182.100000, 8, 201.200000, 9, 
31, 387, 2, 3, 129.200000, 2, 1827.900000, 2, 2, 3, 3338.250000, 2, 4748.600000, 2, 
24, 85, 4, 7, 13837.950000, 4, 23327.050000, 5, 4, 7, 489.500000, 4, 653.500000, 5, 
31, 128, 6, 7, 58420.250000, 6, 80161.650000, 6, 6, 7, 2098.400000, 6, 4581.650000, 6, 
31, 124, 5, 6, 75492.950000, 5, 115063.050000, 4, 5, 6, 1196.800000, 4, 1387.650000, 5, 
42, 836, 1, 1, 298.600000, 1, 299.300000, 1, 1, 1, 296.700000, 1, 296.550000, 1, 
13, 78, 1, 1, 27.750000, 1, 27.950000, 1, 1, 1, 27.900000, 1, 27.650000, 1, 
15, 83, 1, 2, 29.800000, 1, 30.500000, 2, 1, 2, 30.650000, 1, 131.050000, 1, 
40, 271, 6, 8, 342684.450000, 4, 290980.900000, 4, 6, 8, 2455.050000, 6, 5855.150000, 5, 
34, 174, 7, 7, 145505.850000, 4, 55304.050000, 7, 7, 7, 2822.600000, 4, 1311.000000, 7, 
30, 347, 2, 3, 117.450000, 2, 2609.100000, 2, 2, 3, 2668.550000, 2, 2429.000000, 2, 
14, 44, 4, 3, 2556.750000, 3, 1736.700000, 3, 4, 3, 184.600000, 4, 180.300000, 3, 
40, 516, 3, 3, 9163.600000, 2, 198353.900000, 2, 3, 3, 14591.250000, 3, 14152.900000, 3, 
19, 36, 7, 8, 6601.950000, 7, 8895.300000, 7, 7, 8, 165.400000, 6, 151.500000, 8, 
20, 133, 2, 2, 47.800000, 2, 47.750000, 2, 2, 2, 663.550000, 2, 380.200000, 2, 
4, 2, 2, 3, 2.800000, 2, 11.050000, 3, 2, 3, 3.900000, 2, 9.300000, 2, 
41, 742, 1, 3, 245.350000, 1, 1492.400000, 2, 1, 3, 243.400000, 1, 1463.250000, 1, 
8, 10, 3, 4, 141.550000, 3, 128.200000, 4, 3, 4, 30.050000, 3, 24.650000, 4, 
29, 64, 9, 10, 48167.100000, 9, 57261.400000, 9, 9, 10, 272.450000, 9, 466.150000, 9, 
23, 169, 3, 3, 673.450000, 2, 2488.250000, 2, 3, 3, 1061.250000, 3, 1706.050000, 2, 
48, 369, 7, 9, 601009.450000, 5, 335290.100000, 6, 7, 9, 7133.700000, 6, 9106.600000, 5, 
41, 348, 4, 7, 144260.050000, 4, 126694.050000, 4, 4, 7, 2954.250000, 4, 5565.800000, 5, 
12, 25, 4, 4, 794.750000, 4, 1070.750000, 3, 4, 4, 81.750000, 4, 83.100000, 4, 
37, 138, 8, 13, 157260.150000, 7, 138622.850000, 6, 8, 13, 1088.400000, 8, 2065.500000, 8, 
10, 35, 1, 1, 13.950000, 1, 13.800000, 1, 1, 1, 13.800000, 1, 13.800000, 1, 
17, 125, 1, 3, 75.400000, 1, 1068.700000, 2, 1, 3, 119.650000, 1, 369.450000, 1, 
27, 164, 4, 7, 53244.400000, 4, 74838.950000, 4, 4, 7, 1225.500000, 4, 1048.650000, 4, 
32, 361, 2, 4, 121.850000, 2, 6529.150000, 2, 2, 4, 3405.900000, 2, 6346.550000, 2, 
32, 334, 2, 4, 114.200000, 2, 4860.500000, 2, 2, 4, 2237.550000, 2, 3332.150000, 3, 
48, 485, 4, 6, 276143.300000, 4, 492633.100000, 4, 4, 6, 6444.000000, 4, 6118.850000, 6, 
25, 65, 5, 6, 21431.150000, 5, 19792.900000, 6, 5, 6, 289.350000, 5, 316.400000, 6, 
30, 144, 4, 8, 41614.750000, 4, 44696.250000, 4, 4, 8, 837.750000, 4, 896.200000, 6, 
14, 40, 4, 5, 1965.800000, 4, 2490.450000, 4, 4, 5, 133.800000, 4, 185.600000, 4, 
49, 761, 3, 3, 403839.250000, 2, 43219.000000, 2, 3, 3, 11847.550000, 3, 10737.100000, 3, 
45, 389, 6, 6, 355095.650000, 4, 406908.350000, 4, 6, 6, 4922.450000, 6, 6526.550000, 5, 
14, 82, 1, 2, 29.050000, 1, 29.650000, 2, 1, 2, 29.250000, 1, 90.150000, 1, 
9, 19, 2, 3, 9.650000, 2, 231.000000, 3, 2, 3, 47.250000, 2, 73.850000, 2, 
46, 803, 2, 3, 297.650000, 2, 9322.350000, 2, 2, 3, 9791.850000, 2, 9780.250000, 2, 
37, 541, 1, 3, 181.400000, 1, 1132.250000, 2, 1, 3, 176.500000, 1, 2309.250000, 1, 
17, 19, 8, 11, 3535.950000, 8, 11786.000000, 8, 8, 11, 85.950000, 6, 77.350000, 8, 
34, 393, 3, 5, 821.100000, 2, 43445.050000, 2, 3, 5, 4035.400000, 3, 4157.250000, 2, 
20, 48, 5, 9, 13251.200000, 4, 8105.400000, 7, 5, 9, 233.750000, 5, 317.200000, 5, 
26, 116, 4, 6, 23527.500000, 4, 32211.100000, 4, 4, 6, 2038.050000, 4, 1898.650000, 6, 
14, 2, 12, 13, 7104.400000, 12, 7396.200000, 13, 12, 13, 21.300000, 12, 44.700000, 12, 
34, 496, 1, 2, 483.650000, 1, 500.700000, 2, 1, 2, 478.450000, 1, 2926.950000, 1, 
41, 656, 2, 3, 657.600000, 2, 38851.250000, 2, 2, 3, 23965.500000, 2, 22239.200000, 3, 
46, 827, 2, 2, 889.250000, 2, 896.200000, 2, 2, 2, 15960.450000, 2, 12419.600000, 2, 
47, 353, 4, 7, 331505.650000, 4, 425652.000000, 4, 4, 7, 3436.450000, 4, 4536.200000, 6, 
20, 78, 3, 5, 6864.200000, 3, 8028.350000, 4, 3, 5, 237.000000, 3, 448.900000, 4, 
36, 356, 4, 3, 100477.100000, 3, 93114.650000, 3, 4, 3, 3845.200000, 4, 2732.000000, 3, 
5, 1, 4, 4, 26.600000, 4, 26.500000, 4, 4, 4, 3.500000, 4, 3.650000, 4, 
13, 39, 3, 4, 1270.750000, 3, 1283.450000, 3, 3, 4, 146.350000, 3, 178.350000, 3, 
32, 123, 6, 8, 94827.750000, 6, 114537.800000, 6, 6, 8, 597.250000, 6, 1197.350000, 7, 
43, 463, 3, 5, 242482.000000, 3, 323925.650000, 3, 3, 5, 4590.850000, 3, 9063.400000, 4, 
48, 52, 25, 23, 1246005.450000, 21, 408218.000000, 22, 25, 23, 380.950000, 25, 352.350000, 23, 
47, 302, 5, 8, 370661.450000, 5, 509024.550000, 7, 5, 8, 2777.600000, 5, 3252.850000, 8, 
20, 61, 4, 4, 7261.700000, 4, 7356.550000, 4, 4, 4, 293.300000, 4, 245.250000, 4, 
14, 60, 2, 3, 22.650000, 2, 168.700000, 2, 2, 3, 208.300000, 2, 371.500000, 2, 
12, 32, 2, 4, 13.900000, 2, 683.200000, 2, 2, 4, 81.750000, 2, 153.900000, 2, 
32, 152, 6, 7, 92118.750000, 5, 102512.000000, 5, 6, 7, 3172.250000, 6, 4088.650000, 5, 
23, 6, 17, 17, 40657.100000, 17, 40704.200000, 17, 17, 17, 38.800000, 17, 38.450000, 17, 
45, 91, 14, 17, 525496.200000, 13, 704013.250000, 13, 14, 17, 1067.850000, 13, 1242.300000, 15, 
50, 937, 2, 3, 346.600000, 2, 15678.450000, 2, 2, 3, 12395.750000, 2, 13427.850000, 3, 
10, 6, 4, 6, 378.800000, 4, 477.400000, 4, 4, 6, 8.650000, 4, 28.350000, 4, 
39, 310, 4, 6, 117157.700000, 4, 120732.250000, 4, 4, 6, 2868.950000, 4, 3079.300000, 5, 
17, 27, 4, 4, 3775.750000, 4, 3779.600000, 4, 4, 4, 51.550000, 4, 50.950000, 4, 
46, 839, 2, 3, 313.950000, 2, 2168.850000, 2, 2, 3, 10176.950000, 2, 15067.300000, 2, 
27, 344, 1, 1, 306.300000, 1, 306.550000, 1, 1, 1, 315.200000, 1, 314.350000, 1, 
30, 338, 2, 4, 310.300000, 2, 18592.250000, 2, 2, 4, 6830.150000, 2, 9991.450000, 2, 
4, 0, 4, 4, 55.650000, 4, 55.350000, 4, 4, 4, 7.550000, 4, 6.700000, 4, 
27, 148, 4, 6, 72467.950000, 3, 56706.750000, 4, 4, 6, 1370.100000, 3, 1900.000000, 3, 
50, 1108, 1, 2, 394.500000, 1, 395.000000, 2, 1, 2, 397.650000, 1, 1177.400000, 1, 
40, 249, 6, 7, 209347.150000, 5, 203108.300000, 5, 6, 7, 2784.850000, 6, 1996.300000, 7, 
36, 18, 24, 24, 72584.150000, 24, 72681.050000, 24, 24, 24, 94.900000, 24, 94.050000, 24, 
7, 12, 1, 1, 6.050000, 1, 6.150000, 1, 1, 1, 6.050000, 1, 6.000000, 1, 
40, 529, 2, 3, 175.500000, 2, 47027.450000, 2, 2, 3, 4027.650000, 2, 6485.150000, 2, 
35, 578, 1, 1, 190.700000, 1, 189.900000, 1, 1, 1, 189.750000, 1, 190.100000, 1, 
11, 33, 1, 3, 13.500000, 1, 115.750000, 2, 1, 3, 13.450000, 1, 168.600000, 1, 
11, 6, 6, 8, 846.250000, 6, 1414.450000, 6, 6, 8, 9.750000, 6, 20.700000, 6, 
12, 3, 9, 9, 1514.900000, 9, 1519.400000, 9, 9, 9, 7.850000, 9, 7.950000, 9, 
46, 318, 5, 8, 308508.100000, 5, 450761.900000, 5, 5, 8, 5082.750000, 5, 11163.700000, 5, 
24, 248, 1, 2, 82.950000, 1, 83.700000, 2, 1, 2, 84.150000, 1, 426.000000, 1, 
44, 424, 4, 6, 249205.550000, 4, 369560.600000, 4, 4, 6, 4887.700000, 4, 8996.250000, 4, 
7, 0, 7, 7, 187.850000, 7, 187.750000, 7, 7, 7, 3.600000, 7, 3.700000, 7, 
8, 25, 1, 1, 10.400000, 1, 10.200000, 1, 1, 1, 10.150000, 1, 10.300000, 1, 
43, 642, 3, 6, 18117.400000, 2, 55836.550000, 2, 3, 6, 14757.950000, 3, 17603.850000, 3, 
43, 133, 10, 14, 227971.000000, 10, 314878.450000, 11, 10, 14, 1210.400000, 10, 1855.600000, 10, 
35, 436, 2, 3, 145.150000, 2, 8070.100000, 2, 2, 3, 3906.650000, 2, 3611.750000, 2, 
26, 138, 4, 6, 37603.400000, 3, 21305.550000, 5, 4, 6, 848.850000, 4, 1410.850000, 5, 
29, 25, 13, 17, 60867.550000, 13, 54370.000000, 16, 13, 17, 43.200000, 13, 202.000000, 14, 
14, 55, 2, 4, 21.300000, 2, 490.800000, 2, 2, 4, 174.050000, 2, 238.650000, 3, 
20, 134, 3, 3, 3512.000000, 2, 3386.900000, 2, 3, 3, 1100.050000, 2, 1100.050000, 2, 
18, 114, 2, 3, 41.050000, 2, 1638.500000, 2, 2, 3, 614.700000, 2, 572.000000, 2, 
22, 189, 1, 3, 64.700000, 1, 409.250000, 2, 1, 3, 64.550000, 1, 919.500000, 1, 
20, 126, 3, 3, 2372.300000, 2, 2289.400000, 2, 3, 3, 856.000000, 2, 581.350000, 2, 
31, 376, 1, 2, 124.850000, 1, 125.450000, 2, 1, 2, 125.450000, 1, 504.000000, 1, 
28, 66, 8, 9, 48100.000000, 7, 37097.650000, 7, 8, 9, 641.300000, 7, 417.300000, 8, 
48, 991, 1, 3, 366.550000, 1, 14194.550000, 2, 1, 3, 356.600000, 1, 7486.000000, 1, 
50, 405, 5, 8, 306968.100000, 5, 483169.600000, 6, 5, 8, 5286.900000, 5, 6816.300000, 7, 
8, 0, 8, 8, 315.250000, 8, 315.500000, 8, 8, 8, 4.750000, 8, 4.800000, 8, 
50, 845, 3, 5, 248152.550000, 2, 201631.650000, 2, 3, 5, 16823.050000, 3, 37408.750000, 2, 
12, 55, 2, 2, 57.800000, 2, 57.650000, 2, 2, 2, 590.700000, 2, 591.100000, 2, 
49, 129, 16, 18, 844027.000000, 13, 1006312.000000, 11, 16, 18, 2507.500000, 11, 4460.050000, 11, 
13, 30, 3, 5, 1119.650000, 3, 1408.150000, 3, 3, 5, 78.900000, 3, 172.650000, 3, 
22, 144, 2, 5, 50.500000, 2, 4509.500000, 2, 2, 5, 605.800000, 2, 1426.450000, 2, 
18, 6, 12, 14, 6058.750000, 12, 8193.150000, 12, 12, 14, 12.100000, 12, 37.700000, 12, 
50, 905, 3, 3, 52607.200000, 2, 142801.700000, 2, 3, 3, 13989.600000, 3, 12363.300000, 3, 
21, 144, 3, 3, 2590.700000, 2, 1154.650000, 2, 3, 3, 855.900000, 2, 1262.850000, 2, 
48, 177, 11, 13, 415489.150000, 10, 405580.250000, 9, 11, 13, 2165.950000, 11, 2249.650000, 12, 
26, 309, 1, 1, 102.200000, 1, 102.350000, 1, 1, 1, 102.950000, 1, 102.650000, 1, 
37, 220, 5, 7, 89652.150000, 5, 139285.750000, 6, 5, 7, 5527.050000, 5, 7002.200000, 6, 
44, 67, 17, 22, 975743.350000, 15, 1784479.650000, 16, 17, 22, 480.750000, 17, 1275.350000, 19, 
26, 318, 1, 1, 105.450000, 1, 106.050000, 1, 1, 1, 105.850000, 1, 105.650000, 1, 
33, 62, 10, 12, 156431.200000, 9, 216161.300000, 10, 10, 12, 379.050000, 10, 704.500000, 11, 
23, 82, 5, 8, 13707.800000, 4, 26839.650000, 4, 5, 8, 567.350000, 4, 759.700000, 4, 
