21, 16, 16, 13386.500000, 16, 13373.062500, 16, 16, 16, 199.875000, 5, 196.687500, 5, 
21, 16, 16, 13383.000000, 16, 13373.875000, 16, 16, 16, 199.437500, 5, 197.000000, 5, 
21, 16, 16, 13515.812500, 16, 13751.750000, 16, 16, 16, 199.250000, 5, 197.625000, 5, 
21, 16, 16, 13491.750000, 16, 13485.000000, 16, 16, 16, 198.875000, 5, 196.437500, 5, 
21, 16, 16, 13449.375000, 16, 13449.875000, 16, 16, 16, 199.625000, 5, 197.687500, 5, 
21, 16, 16, 13421.375000, 16, 13409.812500, 16, 16, 16, 198.750000, 5, 196.625000, 5, 
21, 16, 16, 13483.875000, 16, 13489.937500, 16, 16, 16, 198.500000, 5, 196.625000, 5, 
21, 16, 16, 13551.812500, 16, 13708.000000, 16, 16, 16, 199.250000, 5, 197.250000, 5, 
21, 16, 16, 13482.812500, 16, 13480.375000, 16, 16, 16, 198.375000, 5, 196.375000, 5, 
21, 16, 16, 13536.750000, 16, 13538.625000, 16, 16, 16, 199.062500, 5, 197.312500, 5, 
21, 16, 16, 13450.937500, 16, 13454.562500, 16, 16, 16, 199.812500, 5, 197.937500, 5, 
21, 16, 16, 13517.375000, 16, 13515.187500, 16, 16, 16, 198.625000, 5, 196.812500, 5, 
21, 16, 16, 13474.437500, 16, 13466.062500, 16, 16, 16, 198.625000, 5, 196.812500, 5, 
21, 16, 16, 13475.312500, 16, 13462.062500, 16, 16, 16, 199.312500, 5, 197.125000, 5, 
21, 16, 16, 13466.000000, 16, 13454.062500, 16, 16, 16, 199.125000, 5, 196.937500, 5, 
21, 16, 16, 13467.750000, 16, 13461.062500, 16, 16, 16, 199.312500, 5, 196.812500, 5, 
21, 16, 16, 13502.500000, 16, 13485.125000, 16, 16, 16, 200.062500, 5, 196.562500, 5, 
21, 16, 16, 13437.937500, 16, 13419.250000, 16, 16, 16, 199.687500, 5, 198.125000, 5, 
21, 16, 16, 13536.062500, 16, 13531.875000, 16, 16, 16, 199.500000, 5, 197.500000, 5, 
21, 16, 16, 13414.687500, 16, 13420.500000, 16, 16, 16, 199.187500, 5, 196.937500, 5, 
28, 22, 22, 46698.625000, 22, 47250.500000, 22, 22, 22, 304.937500, 6, 300.937500, 6, 
29, 23, 23, 55137.750000, 23, 55583.625000, 23, 23, 23, 317.062500, 6, 311.437500, 6, 
28, 22, 22, 46665.625000, 22, 46892.562500, 22, 22, 22, 305.250000, 6, 302.437500, 6, 
28, 22, 22, 46520.812500, 22, 46646.312500, 22, 22, 22, 307.812500, 6, 302.062500, 6, 
27, 21, 21, 39533.750000, 21, 39496.562500, 21, 21, 21, 296.812500, 6, 293.000000, 6, 
30, 24, 24, 64782.375000, 24, 64862.187500, 24, 24, 24, 324.687500, 6, 320.687500, 6, 
27, 21, 21, 39029.500000, 21, 39174.187500, 21, 21, 21, 297.187500, 6, 292.187500, 6, 
27, 21, 21, 39667.125000, 21, 39272.062500, 21, 21, 21, 293.812500, 6, 291.812500, 6, 
27, 21, 21, 39240.375000, 21, 39073.125000, 21, 21, 21, 296.750000, 6, 294.125000, 6, 
27, 21, 21, 39027.937500, 21, 39450.875000, 21, 21, 21, 296.312500, 6, 290.875000, 6, 
28, 22, 22, 46667.875000, 22, 47129.625000, 22, 22, 22, 305.500000, 6, 300.500000, 6, 
29, 23, 23, 55689.375000, 23, 55589.812500, 23, 23, 23, 314.750000, 6, 313.750000, 6, 
30, 24, 24, 65360.562500, 24, 65442.187500, 24, 24, 24, 326.687500, 6, 320.500000, 6, 
29, 23, 23, 55660.375000, 23, 55607.500000, 23, 23, 23, 314.750000, 6, 311.750000, 6, 
27, 21, 21, 39228.562500, 21, 39236.187500, 21, 21, 21, 294.812500, 6, 292.312500, 6, 
28, 22, 22, 46630.125000, 22, 47412.625000, 22, 22, 22, 304.500000, 6, 300.812500, 6, 
28, 22, 22, 46585.875000, 22, 46810.875000, 22, 22, 22, 305.375000, 6, 302.437500, 6, 
29, 23, 23, 55341.812500, 23, 55623.250000, 23, 23, 23, 314.062500, 6, 308.625000, 6, 
28, 22, 22, 46637.375000, 22, 46616.000000, 22, 22, 22, 304.125000, 6, 299.937500, 6, 
29, 23, 23, 55256.125000, 23, 54810.375000, 23, 23, 23, 316.125000, 6, 309.687500, 6, 
35, 28, 28, 119852.687500, 28, 119864.812500, 28, 28, 28, 431.750000, 7, 425.125000, 7, 
38, 31, 31, 176804.187500, 31, 178430.937500, 31, 31, 31, 465.250000, 7, 456.125000, 7, 
37, 30, 30, 157495.875000, 30, 158631.125000, 30, 30, 30, 452.937500, 7, 445.937500, 7, 
34, 27, 27, 106060.875000, 27, 104472.062500, 27, 27, 27, 420.500000, 7, 412.687500, 7, 
37, 30, 30, 155987.000000, 30, 156692.937500, 30, 30, 30, 453.750000, 7, 445.625000, 7, 
36, 29, 29, 136981.000000, 29, 138732.500000, 29, 29, 29, 442.250000, 7, 435.375000, 7, 
37, 30, 30, 157175.812500, 30, 155525.375000, 30, 30, 30, 452.875000, 7, 445.500000, 7, 
36, 29, 29, 137582.375000, 29, 137565.750000, 29, 29, 29, 441.437500, 7, 434.625000, 7, 
33, 26, 26, 90597.062500, 26, 91277.000000, 26, 26, 26, 406.250000, 7, 399.812500, 7, 
41, 34, 34, 250093.500000, 34, 252116.000000, 34, 34, 34, 504.187500, 7, 494.312500, 7, 
37, 30, 30, 157937.812500, 30, 156524.812500, 30, 30, 30, 456.812500, 7, 450.875000, 7, 
36, 29, 29, 138712.125000, 29, 137375.250000, 29, 29, 29, 443.812500, 7, 436.750000, 7, 
35, 28, 28, 119510.937500, 28, 120698.187500, 28, 28, 28, 432.687500, 7, 426.312500, 7, 
37, 30, 30, 156522.000000, 30, 157083.875000, 30, 30, 30, 457.937500, 7, 450.750000, 7, 
36, 29, 29, 140061.312500, 29, 137908.562500, 29, 29, 29, 444.125000, 7, 438.625000, 7, 
34, 27, 27, 105378.500000, 27, 105398.500000, 27, 27, 27, 418.750000, 7, 412.312500, 7, 
36, 29, 29, 138318.937500, 29, 138667.562500, 29, 29, 29, 446.937500, 7, 440.812500, 7, 
38, 31, 31, 177555.562500, 31, 178040.875000, 31, 31, 31, 467.625000, 7, 460.000000, 7, 
35, 28, 28, 122907.312500, 28, 120721.937500, 28, 28, 28, 433.125000, 7, 426.250000, 7, 
36, 29, 29, 137722.687500, 29, 137955.500000, 29, 29, 29, 444.875000, 7, 438.125000, 7, 
42, 34, 34, 276706.125000, 34, 276515.875000, 34, 34, 34, 624.625000, 8, 619.812500, 8, 
42, 34, 34, 279758.875000, 34, 279798.625000, 34, 34, 34, 627.750000, 8, 618.562500, 8, 
43, 35, 35, 310041.437500, 35, 310118.687500, 35, 35, 35, 641.937500, 8, 635.437500, 8, 
47, 39, 39, 470214.937500, 39, 470447.500000, 39, 39, 39, 702.750000, 8, 695.625000, 8, 
44, 36, 36, 347743.125000, 36, 348529.000000, 36, 36, 36, 657.312500, 8, 649.562500, 8, 
44, 36, 36, 347606.312500, 36, 348169.937500, 36, 36, 36, 657.687500, 8, 649.937500, 8, 
41, 33, 33, 228571.437500, 33, 228534.000000, 33, 33, 33, 560.187500, 8, 551.062500, 8, 
49, 41, 41, 570482.937500, 41, 570351.687500, 41, 41, 41, 724.687500, 8, 718.875000, 8, 
50, 42, 42, 619289.187500, 42, 620118.500000, 42, 42, 42, 744.312500, 8, 741.750000, 8, 
49, 41, 41, 564894.562500, 41, 565116.750000, 41, 41, 41, 725.062500, 8, 719.625000, 8, 
49, 41, 41, 563862.687500, 41, 563977.437500, 41, 41, 41, 724.625000, 8, 719.750000, 8, 
43, 35, 35, 309895.500000, 35, 309885.750000, 35, 35, 35, 642.187500, 8, 634.312500, 8, 
48, 40, 40, 515941.000000, 40, 515972.562500, 40, 40, 40, 714.312500, 8, 708.187500, 8, 
40, 32, 32, 205698.125000, 32, 205587.875000, 32, 32, 32, 546.437500, 8, 538.750000, 8, 
52, 44, 44, 754108.125000, 44, 754183.812500, 44, 44, 44, 767.875000, 8, 755.437500, 8, 
48, 40, 40, 516242.500000, 40, 516074.312500, 40, 40, 40, 715.500000, 8, 708.312500, 8, 
46, 38, 38, 429523.437500, 38, 428891.250000, 38, 38, 38, 689.750000, 8, 680.125000, 8, 
48, 40, 40, 515856.187500, 40, 515940.312500, 40, 40, 40, 713.437500, 8, 707.000000, 8, 
44, 36, 36, 348622.812500, 36, 348801.437500, 36, 36, 36, 656.250000, 8, 645.937500, 8, 
45, 37, 37, 390434.937500, 37, 390492.625000, 37, 37, 37, 673.812500, 8, 663.062500, 8, 
58, 49, 49, 1143675.187500, 49, 1143999.187500, 49, 49, 49, 948.812500, 9, 939.500000, 9, 
51, 42, 42, 636021.500000, 42, 636112.625000, 42, 42, 42, 837.437500, 9, 826.437500, 9, 
55, 46, 46, 903840.812500, 46, 902943.437500, 46, 46, 46, 912.500000, 9, 893.062500, 9, 
51, 42, 42, 639186.187500, 42, 639324.937500, 42, 42, 42, 839.312500, 9, 827.500000, 9, 
51, 42, 42, 639272.937500, 42, 639330.750000, 42, 42, 42, 836.125000, 9, 825.375000, 9, 
50, 41, 41, 582464.062500, 41, 582561.687500, 41, 41, 41, 821.812500, 9, 812.937500, 9, 
55, 46, 46, 904903.937500, 46, 904394.937500, 46, 46, 46, 911.375000, 9, 894.562500, 9, 
57, 48, 48, 1049950.312500, 48, 1050494.687500, 48, 48, 48, 939.562500, 9, 927.500000, 9, 
59, 50, 50, 1245941.000000, 50, 1246991.375000, 50, 50, 50, 967.812500, 9, 949.937500, 9, 
54, 45, 45, 838660.437500, 45, 839126.375000, 45, 45, 45, 893.250000, 9, 875.062500, 9, 
59, 50, 50, 1245496.875000, 50, 1246356.625000, 50, 50, 50, 966.312500, 9, 950.562500, 9, 
50, 41, 41, 575450.500000, 41, 575491.812500, 41, 41, 41, 822.625000, 9, 814.875000, 9, 
48, 39, 39, 479572.000000, 39, 479927.000000, 39, 39, 39, 792.187500, 9, 789.062500, 9, 
51, 42, 42, 636298.312500, 42, 636272.562500, 42, 42, 42, 839.750000, 9, 825.750000, 9, 
54, 45, 45, 839085.812500, 45, 839577.187500, 45, 45, 45, 893.625000, 9, 875.875000, 9, 
55, 46, 46, 904761.750000, 46, 904194.750000, 46, 46, 46, 912.125000, 9, 895.312500, 9, 
61, 52, 52, 1459948.750000, 52, 1460732.000000, 52, 52, 52, 1000.062500, 9, 981.062500, 9, 
57, 48, 48, 1050091.250000, 48, 1050379.562500, 48, 48, 48, 936.750000, 9, 928.125000, 9, 
57, 48, 48, 1050432.500000, 48, 1050439.250000, 48, 48, 48, 939.062500, 9, 928.812500, 9, 
55, 46, 46, 904812.812500, 46, 904167.312500, 46, 46, 46, 911.625000, 9, 894.312500, 9, 
